This is the collection of key words, the total num is 349

id: 1
content: 3D Modeling
count: 60
the related sentence:60 73 329 333 396 437 513 574 593 681 720 848 878 1000 1150 1183 1254 1341 1442 1444 1485 1494 1503 1538 1569 1623 1657 1727 1733 1775 1798 1837 1841 1888 1896 1934 1941 1954 2049 2364 2372 2402 2405 2504 2751 2777 2832 2964 2968 3043 3180 3187 3210 3244 3333 3366 3510 3551 3756 3840 

id: 2
content: 3D Rendering
count: 98
the related sentence:60 87 132 222 232 246 397 413 677 681 696 720 790 852 895 897 1000 1006 1056 1150 1176 1217 1233 1237 1254 1276 1341 1428 1444 1485 1494 1512 1528 1588 1615 1630 1657 1727 1749 1775 1837 1841 1844 1851 1873 1886 1896 1934 2029 2030 2055 2089 2155 2185 2224 2344 2354 2358 2364 2372 2379 2401 2405 2442 2448 2504 2523 2584 2630 2652 2681 2777 2779 2920 2933 2964 3115 3160 3180 3238 3250 3270 3326 3333 3397 3399 3510 3516 3551 3587 3625 3635 3664 3668 3691 3708 3714 3822 

id: 3
content: AJAX
count: 22
the related sentence:561 699 941 976 1018 1044 1689 1860 2118 2250 2308 2495 2818 2988 3112 3212 3225 3227 3518 3522 3673 3819 

id: 4
content: AOL Instant Messenger
count: 14
the related sentence:988 1175 1313 1348 1571 2115 2374 2730 2803 2954 3311 3694 3743 3776 

id: 5
content: Accounting
count: 41
the related sentence:23 145 179 315 321 390 445 571 764 1038 1177 1243 1282 1302 1403 1477 1510 1680 1796 1863 1893 2064 2349 2417 2494 2586 2694 2775 2781 2856 3030 3040 3153 3165 3241 3439 3535 3672 3715 3827 3869 

id: 6
content: Administration
count: 16
the related sentence:78 224 479 553 637 1834 2885 3028 3045 3069 3184 3191 3409 3586 3980 3992 

id: 7
content: Agile development tools
count: 22
the related sentence:121 241 287 409 416 421 614 616 639 1065 1303 1432 1441 1997 2292 2769 2926 3281 3501 3580 3619 3890 

id: 8
content: Algorithms
count: 70
the related sentence:258 401 412 448 484 516 620 641 715 752 778 926 1104 1217 1220 1317 1321 1520 1547 1551 1592 1627 1672 1763 1783 1846 1875 1914 1916 1917 1951 2027 2150 2256 2282 2334 2369 2469 2512 2535 2551 2609 2638 2666 2668 2679 2733 2746 2755 2758 2800 2886 2887 2916 2925 2946 2978 2980 2998 3049 3100 3112 3277 3303 3317 3464 3496 3598 3647 3885 

id: 9
content: Analysis
count: 29
the related sentence:167 186 313 473 655 744 795 830 1006 1091 1107 1127 1427 1606 1827 2386 2423 2480 2509 2967 3050 3091 3123 3407 3614 3641 3714 3719 3947 

id: 10
content: Animation
count: 14
the related sentence:60 357 718 791 867 895 1542 1743 2089 2312 2448 3169 3180 3553 

id: 11
content: Anti-Malware
count: 10
the related sentence:104 214 301 385 592 932 1388 1426 1596 2873 

id: 12
content: Anti-Spam
count: 7
the related sentence:92 592 932 1388 1619 2271 3023 

id: 13
content: Anti-Virus
count: 13
the related sentence:92 104 301 385 398 592 932 1388 1426 1596 1744 2873 2913 

id: 14
content: Application Servers
count: 16
the related sentence:41 105 401 1347 1551 1891 2261 2288 2390 2677 2890 2895 3044 3468 3579 3609 

id: 15
content: Archiving
count: 41
the related sentence:42 108 118 163 309 440 707 828 887 914 925 1061 1097 1199 1265 1316 1332 1350 1412 1511 1523 1572 1614 1705 1706 1817 1900 1940 2174 2332 2365 2526 2860 3068 3288 3355 3795 3832 3841 3958 3970 

id: 16
content: Artificial Intelligence
count: 108
the related sentence:209 258 295 335 569 587 623 648 669 690 701 837 838 863 881 929 937 988 990 1016 1058 1071 1072 1074 1077 1079 1085 1162 1191 1205 1236 1258 1274 1304 1318 1420 1438 1505 1520 1547 1561 1570 1598 1698 1720 1776 1852 1882 1949 2014 2113 2126 2162 2168 2210 2228 2256 2306 2335 2372 2373 2387 2408 2465 2547 2551 2558 2581 2664 2665 2686 2699 2760 2767 2843 2852 2929 2944 2949 2958 2978 3049 3055 3135 3294 3311 3318 3320 3326 3408 3435 3446 3458 3466 3467 3563 3601 3622 3644 3741 3753 3762 3770 3853 3875 3932 3973 3978 

id: 17
content: Assemblers
count: 2
the related sentence:98 1368 

id: 18
content: Astronomy
count: 30
the related sentence:207 233 474 768 923 1001 1053 1059 1341 1410 1440 1725 1803 1841 1881 1976 2056 2190 2203 2270 2714 2837 2847 3058 3316 3514 3559 3700 3703 3746 

id: 19
content: Authentication/Directory
count: 14
the related sentence:16 727 1042 1478 1651 1884 2574 2619 2804 2985 3158 3485 3610 3826 

id: 20
content: BBS
count: 38
the related sentence:40 154 243 244 259 273 354 467 536 553 562 709 818 833 838 1028 1050 1203 1280 1634 1772 1890 2090 2123 2353 2527 2618 2865 3027 3138 3164 3239 3269 3525 3527 3965 3972 3999 

id: 21
content: BSD
count: 5
the related sentence:495 551 1080 1103 3799 

id: 22
content: Backup
count: 44
the related sentence:106 157 227 283 286 490 654 660 715 783 873 880 1068 1133 1278 1333 1336 1350 1379 1429 1451 1540 1761 1986 2026 2191 2215 2262 2399 2439 2702 2719 2731 2858 3009 3070 3109 3280 3282 3293 3512 3568 3785 3856 

id: 23
content: Benchmark
count: 21
the related sentence:107 317 381 393 554 1261 1351 1722 1726 2024 2243 2397 2456 3026 3036 3233 3352 3507 3786 3835 3945 

id: 24
content: Billing
count: 6
the related sentence:802 1282 2349 2525 3332 3535 

id: 25
content: Binary editors
count: 1
the related sentence:1231 

id: 26
content: Bio-Informatics
count: 71
the related sentence:47 130 180 208 209 247 280 307 335 405 484 602 649 776 820 835 870 907 964 965 1029 1170 1191 1318 1338 1346 1577 1701 1733 1828 1840 1842 1946 1982 2014 2037 2038 2127 2168 2170 2201 2266 2322 2350 2361 2478 2515 2603 2630 2768 2852 2867 2925 2929 3010 3019 3051 3100 3137 3249 3290 3304 3360 3369 3377 3446 3458 3546 3680 3698 3937 

id: 27
content: BitTorrent
count: 6
the related sentence:96 265 1436 1456 2157 2172 

id: 28
content: Blogging
count: 27
the related sentence:435 875 921 966 1082 1161 1527 1652 1660 1687 1760 1859 1867 1890 1931 2286 2381 2389 2505 2534 2715 2959 3017 3314 3486 3879 3901 

id: 29
content: Board Games
count: 47
the related sentence:71 76 88 412 466 749 757 1014 1040 1108 1140 1230 1322 1342 1400 1515 1598 1632 1720 1818 1879 1923 2187 2214 2246 2256 2295 2335 2372 2427 2438 2618 2631 2721 2831 2958 3037 3114 3218 3420 3483 3629 3682 3772 3875 3893 3952 

id: 30
content: Boot
count: 18
the related sentence:794 904 935 977 1644 2134 2447 2522 2611 2655 2812 2844 2932 3119 3292 3509 3612 3954 

id: 31
content: Browsers
count: 52
the related sentence:132 345 418 457 548 575 583 588 737 812 864 884 946 1034 1125 1136 1201 1444 1530 1545 1611 1641 1738 1815 1904 1983 1990 2189 2283 2293 2310 2376 2406 2463 2506 2595 2600 2691 2709 2908 2997 3059 3086 3456 3508 3516 3758 3764 3802 3899 3927 3993 

id: 32
content: Budgeting and Forecasting
count: 13
the related sentence:451 755 1070 1310 1477 1680 1863 2417 2422 2492 3067 3153 3206 

id: 33
content: Build Tools
count: 141
the related sentence:51 79 81 117 140 143 171 184 202 341 344 349 360 367 370 386 509 534 551 599 612 646 692 724 730 743 760 803 827 940 963 984 987 994 1012 1058 1095 1105 1147 1164 1242 1335 1354 1376 1492 1500 1541 1552 1569 1594 1601 1624 1629 1633 1635 1693 1757 1804 1865 1875 1942 1952 1959 2004 2005 2020 2050 2105 2122 2164 2237 2249 2258 2284 2305 2336 2370 2384 2410 2433 2436 2441 2445 2465 2468 2485 2502 2538 2548 2596 2646 2663 2681 2689 2745 2753 2757 2793 2817 2868 2870 2875 2901 2924 2940 2962 2970 2975 2977 2992 2995 3031 3038 3132 3199 3253 3265 3273 3346 3348 3400 3455 3457 3482 3500 3539 3547 3570 3571 3573 3579 3581 3591 3633 3638 3658 3757 3822 3823 3843 3949 

id: 34
content: Building Automation
count: 6
the related sentence:1622 2583 2609 2906 3038 3506 

id: 35
content: Business Intelligence
count: 23
the related sentence:189 520 670 755 1070 1152 1215 1859 2101 2128 2303 2392 2575 2680 2808 3128 3251 3260 3313 3363 3440 3669 3972 

id: 36
content: Business Performance Management
count: 6
the related sentence:545 1421 2746 2906 3440 3703 

id: 37
content: Business Process Management
count: 15
the related sentence:241 376 493 645 974 1219 1543 1709 1713 1932 2533 2590 3275 3602 3986 

id: 38
content: Business Service Management
count: 4
the related sentence:1932 1978 2492 2914 

id: 39
content: CASE
count: 21
the related sentence:314 447 488 534 570 732 1207 1271 1666 1693 2136 2383 2424 2457 3154 3221 3462 3499 3528 3544 3996 

id: 40
content: CD Audio
count: 7
the related sentence:160 655 1187 1344 1690 1742 2026 

id: 41
content: CD Playing
count: 7
the related sentence:481 804 866 1259 2065 3387 3917 

id: 42
content: CD Ripping
count: 10
the related sentence:309 481 804 813 855 868 1429 1987 2065 2262 

id: 43
content: CGI Tools/Libraries
count: 69
the related sentence:114 154 193 206 234 353 358 410 530 552 563 657 680 736 761 788 797 807 913 965 1035 1066 1088 1218 1305 1363 1413 1450 1454 1682 1797 1807 1845 1876 1970 2017 2102 2231 2305 2357 2454 2471 2501 2588 2690 2806 2935 2969 2985 2997 3000 3066 3107 3156 3207 3209 3217 3283 3365 3403 3552 3591 3607 3643 3679 3685 3760 3888 3948 

id: 44
content: CMS Systems
count: 54
the related sentence:95 97 194 307 434 435 452 841 861 875 877 951 1082 1154 1161 1202 1573 1652 1687 1760 1859 1970 2048 2236 2257 2329 2340 2381 2415 2505 2534 2623 2715 2739 2950 2959 3159 3162 3188 3217 3314 3351 3424 3536 3593 3607 3621 3630 3686 3766 3879 3901 3921 3997 

id: 45
content: CORBA
count: 3
the related sentence:30 3955 3971 

id: 46
content: CRM
count: 40
the related sentence:33 328 390 441 571 755 802 853 1031 1172 1177 1219 1335 1366 1382 1944 2091 2119 2252 2382 2416 2533 2687 2748 2775 2856 2879 2897 3052 3128 3136 3141 3167 3259 3315 3351 3535 3542 3669 3827 

id: 47
content: CVS
count: 7
the related sentence:278 854 1911 1960 2432 3007 3443 

id: 48
content: Calendar
count: 26
the related sentence:23 33 75 146 445 514 809 862 947 1171 1380 1422 1604 1746 1807 1830 1893 2292 2667 3084 3112 3234 3478 3725 3824 3935 

id: 49
content: Capture
count: 13
the related sentence:67 399 728 1015 1391 1638 1639 1873 2008 2358 2420 3289 3990 

id: 50
content: Capture/Recording
count: 37
the related sentence:141 306 313 586 737 747 804 830 949 1015 1091 1106 1212 1228 1314 1409 1415 1429 1445 1576 1681 1945 1980 2416 2423 2584 2626 2896 2919 3044 3091 3407 3641 3703 3744 3805 3995 

id: 51
content: Card Games
count: 17
the related sentence:88 782 829 1077 1309 1342 1531 1992 2295 2304 2438 2455 2631 2878 3391 3772 3893 

id: 52
content: Cataloguing
count: 15
the related sentence:595 810 1231 1806 1860 1900 1957 2062 2365 2993 3035 3189 3271 3656 3914 

id: 53
content: Chat
count: 92
the related sentence:154 238 244 259 264 281 510 550 629 668 690 700 800 818 903 947 990 1062 1063 1111 1154 1156 1256 1311 1327 1370 1393 1424 1425 1472 1476 1603 1632 1675 1774 1877 1927 1930 1972 1983 1985 1990 2047 2084 2130 2163 2167 2199 2213 2214 2227 2253 2304 2309 2316 2319 2353 2372 2387 2438 2473 2497 2556 2572 2579 2664 2669 2717 2764 2812 2865 3004 3012 3111 3122 3359 3374 3378 3383 3401 3413 3451 3452 3453 3483 3637 3690 3704 3731 3790 3818 3894 

id: 54
content: Chemistry
count: 34
the related sentence:39 126 130 180 335 405 602 693 964 1090 1338 1395 1529 1560 1577 1885 1956 2038 2127 2266 2276 2361 2630 2880 2902 2925 3029 3051 3186 3520 3561 3627 3680 3796 

id: 55
content: Clustering
count: 29
the related sentence:153 511 597 753 813 945 1037 1076 1315 1379 1613 1785 2042 2061 2141 2260 2273 2705 2839 3014 3256 3357 3523 3605 3624 3631 3845 3884 3912 

id: 56
content: Code Generators
count: 178
the related sentence:51 53 65 81 114 134 143 175 182 183 195 199 235 238 248 272 330 331 339 344 348 360 367 369 371 381 386 420 423 426 470 505 506 509 557 612 624 661 688 702 760 777 819 827 856 901 987 994 1000 1002 1008 1035 1105 1115 1118 1120 1122 1123 1169 1207 1227 1242 1252 1255 1286 1307 1317 1354 1365 1371 1420 1470 1492 1541 1585 1602 1624 1629 1666 1704 1757 1781 1791 1804 1809 1811 1858 1872 1903 1938 1943 1973 2004 2005 2020 2063 2075 2152 2158 2164 2180 2237 2241 2244 2258 2284 2297 2341 2370 2375 2384 2396 2413 2424 2433 2481 2485 2538 2545 2548 2570 2614 2634 2646 2659 2711 2725 2742 2753 2754 2799 2820 2826 2849 2898 2922 2933 2938 2977 3031 3056 3071 3107 3149 3163 3221 3273 3308 3315 3433 3500 3511 3539 3547 3552 3555 3569 3571 3576 3579 3583 3609 3611 3619 3638 3658 3691 3747 3755 3803 3823 3851 3895 3955 3960 3988 3991 3996 

id: 57
content: Codec
count: 5
the related sentence:532 1458 1528 2018 2834 

id: 58
content: Collaborative development tools
count: 16
the related sentence:287 1065 1195 1303 1432 1801 2234 2926 3349 3373 3381 3442 3443 3544 3580 3779 

id: 59
content: Collection management
count: 3
the related sentence:638 782 843 

id: 60
content: Comma-separated values (CSV)
count: 8
the related sentence:101 318 454 666 670 938 1834 2711 

id: 61
content: Communications
count: 200
the related sentence:43 63 68 75 86 94 112 142 164 170 184 185 204 218 225 245 300 322 358 359 365 372 375 378 394 428 446 458 485 525 537 543 598 603 618 620 630 645 734 749 781 821 823 828 857 874 884 902 928 956 957 992 1014 1039 1048 1081 1093 1101 1174 1190 1206 1223 1229 1244 1247 1248 1319 1379 1396 1425 1452 1475 1507 1517 1534 1537 1558 1570 1572 1599 1604 1648 1651 1656 1660 1696 1736 1779 1794 1796 1819 1853 1879 1882 1903 1917 1972 1978 1990 2002 2033 2044 2050 2054 2072 2121 2146 2202 2205 2245 2301 2310 2362 2414 2449 2462 2463 2475 2488 2495 2496 2546 2554 2592 2593 2600 2607 2660 2669 2674 2756 2766 2770 2791 2792 2801 2805 2824 2863 2882 2912 2923 2961 2979 3000 3001 3020 3047 3053 3093 3102 3142 3163 3179 3183 3201 3220 3254 3268 3307 3309 3329 3335 3356 3382 3390 3421 3423 3426 3449 3454 3463 3516 3523 3577 3656 3657 3663 3670 3684 3706 3723 3730 3732 3745 3764 3770 3807 3810 3817 3834 3848 3849 3898 3899 3909 3911 3928 3985 3987 

id: 62
content: Compilers
count: 86
the related sentence:53 79 117 176 206 248 302 348 355 364 470 544 557 606 612 702 714 724 856 901 930 1012 1034 1035 1102 1118 1123 1164 1169 1178 1179 1227 1368 1420 1492 1530 1629 1635 1671 1808 1831 1865 1901 1903 1942 1951 1958 1971 1973 2004 2020 2063 2154 2164 2258 2315 2384 2413 2445 2688 2689 2742 2745 2793 2826 2868 2964 2998 3064 3071 3253 3265 3267 3273 3308 3330 3348 3353 3473 3482 3547 3573 3658 3755 3816 3955 

id: 63
content: Composition
count: 13
the related sentence:907 1427 1520 1582 2360 2782 2854 2934 3134 3585 3614 3847 3998 

id: 64
content: Compression
count: 15
the related sentence:138 873 1232 1333 1336 1350 1451 1601 2103 2657 2731 3070 3109 3671 3785 

id: 65
content: Computer Aided Instruction (CAI)
count: 63
the related sentence:62 77 100 191 224 261 292 333 338 436 443 488 501 701 863 969 985 1112 1186 1238 1318 1418 1594 1672 1673 1684 1695 1700 1866 1871 1913 1926 2036 2158 2210 2221 2281 2306 2385 2483 2513 2579 2624 2698 2703 2720 2747 2843 2859 2934 2944 2949 3011 3131 3191 3419 3426 3497 3646 3649 3651 3674 3702 

id: 66
content: Computer Aided Translation (CAT)
count: 1
the related sentence:257 

id: 67
content: Computer-aided technologies (CADD/CAM/CAE)
count: 11
the related sentence:220 499 797 1503 2112 2124 2651 3176 3210 3381 3464 

id: 68
content: Conferencing
count: 50
the related sentence:196 351 373 411 429 562 691 700 737 818 874 903 1028 1063 1098 1113 1154 1201 1203 1256 1370 1533 1571 1646 1730 1774 1972 2041 2058 2108 2320 2497 2498 2556 2579 2628 2973 3012 3113 3269 3272 3401 3452 3504 3634 3654 3710 3742 3894 3966 

id: 69
content: Configuration Management Database (CMDB)
count: 2
the related sentence:486 2914 

id: 70
content: Console-based Games
count: 19
the related sentence:540 559 609 638 711 978 1400 1417 1645 1794 2104 2160 2891 3099 3200 3420 3773 3876 3893 

id: 71
content: Conversion
count: 58
the related sentence:58 141 141 313 361 469 532 625 625 655 744 747 765 770 770 791 855 944 1035 1046 1091 1107 1187 1264 1269 1409 1576 1606 1742 1950 1980 1987 1994 1994 2018 2070 2356 2386 2404 2423 2480 2656 2855 2855 2919 2939 3050 3293 3399 3461 3469 3524 3563 3674 3787 3813 3947 3990 

id: 72
content: Cron and scheduling
count: 5
the related sentence:301 713 979 1265 2439 

id: 73
content: Cross Compilers
count: 16
the related sentence:98 117 785 856 1125 1942 2032 2063 2451 2753 3064 3071 3265 3431 3473 3545 

id: 74
content: Cryptography
count: 51
the related sentence:36 42 59 107 167 203 389 423 515 529 626 684 715 727 816 989 993 996 1003 1011 1052 1141 1328 1478 1584 1600 1632 1641 1795 1851 1889 1999 2057 2279 2282 2462 2477 2638 2646 2657 2801 2828 2860 3053 3082 3512 3652 3676 3755 3772 3946 

id: 75
content: DVD
count: 10
the related sentence:469 665 804 1187 2262 2356 2879 3189 3460 3461 

id: 76
content: Data Formats
count: 73
the related sentence:14 24 35 115 238 257 286 294 342 374 405 537 591 593 596 602 605 620 624 635 656 781 928 1011 1231 1237 1296 1404 1410 1454 1504 1548 1583 1839 1917 1967 2028 2070 2127 2132 2326 2413 2563 2576 2593 2621 2666 2683 2751 2799 2816 2855 3024 3041 3072 3177 3278 3286 3299 3309 3384 3450 3459 3502 3657 3680 3752 3854 3868 3880 3928 3941 3992 

id: 77
content: Data Warehousing
count: 31
the related sentence:215 256 390 475 486 624 780 976 1262 1283 1346 1382 1625 1910 1915 1956 1967 1974 2128 2392 2440 2672 2772 2907 2914 3136 3245 3260 3298 3729 3736 

id: 78
content: Data recovery
count: 8
the related sentence:223 654 708 2080 2193 2644 2719 3475 

id: 79
content: Database
count: 189
the related sentence:26 55 56 63 74 87 89 95 112 116 118 140 160 231 244 290 298 343 350 369 392 421 438 447 491 496 522 549 590 632 643 651 673 686 707 731 738 772 781 816 850 922 926 961 962 997 998 1054 1081 1088 1099 1143 1152 1197 1199 1213 1241 1262 1316 1326 1354 1355 1360 1404 1423 1457 1491 1583 1683 1696 1746 1813 1818 1835 1839 1843 1856 1876 1884 1899 1924 1949 1967 1977 1993 2005 2016 2043 2071 2085 2129 2145 2165 2166 2170 2191 2196 2243 2254 2259 2264 2284 2287 2289 2313 2326 2343 2375 2378 2437 2454 2473 2474 2488 2567 2568 2587 2600 2607 2616 2625 2641 2645 2649 2653 2661 2674 2678 2690 2695 2727 2740 2754 2788 2798 2805 2809 2850 2887 2898 2907 2949 2951 2963 2991 3008 3055 3107 3135 3138 3150 3154 3201 3222 3235 3260 3267 3271 3302 3332 3363 3388 3393 3423 3474 3487 3583 3597 3620 3646 3663 3671 3678 3688 3709 3723 3730 3770 3782 3794 3848 3849 3870 3873 3882 3895 3915 3922 3967 

id: 80
content: Database Engines/Servers
count: 71
the related sentence:13 32 110 151 190 256 291 296 509 555 673 746 786 787 1023 1054 1120 1170 1196 1223 1248 1315 1402 1448 1466 1486 1519 1530 1653 1745 1765 1922 1925 2010 2117 2141 2208 2218 2235 2294 2357 2387 2484 2583 2598 2622 2648 2676 2677 2722 2726 2903 2904 2905 2943 2991 3028 3033 3207 3233 3256 3296 3403 3468 3554 3611 3615 3816 3836 3855 3968 

id: 81
content: Debuggers
count: 65
the related sentence:30 121 136 186 249 272 277 314 323 360 682 702 712 714 729 760 803 999 1012 1060 1105 1147 1284 1375 1492 1551 1587 1597 1608 1619 1683 1716 1717 1865 1952 1971 1973 2004 2088 2106 2164 2178 2297 2410 2496 2538 2663 2758 2819 2833 2894 2977 3026 3199 3345 3348 3573 3603 3659 3777 3835 3842 3855 3860 3922 

id: 82
content: Design
count: 50
the related sentence:53 110 135 175 210 293 339 400 403 522 616 732 1008 1122 1252 1474 1616 1682 1697 1782 1871 1872 1963 1998 2004 2241 2355 2384 2396 2424 2479 2486 2502 2519 2524 2598 2647 2659 2769 2884 2922 2972 3154 3328 3362 3457 3638 3803 3823 3996 

id: 83
content: Desktop Environment
count: 111
the related sentence:22 61 64 94 311 326 330 331 485 568 595 662 675 686 721 781 816 824 826 912 943 962 1007 1073 1200 1214 1230 1244 1250 1278 1296 1355 1406 1440 1556 1563 1586 1656 1667 1766 1805 1824 1869 1922 2000 2062 2076 2086 2105 2108 2193 2194 2198 2211 2220 2239 2240 2278 2324 2325 2331 2352 2434 2532 2542 2601 2607 2610 2763 2766 2780 2786 2791 2815 2874 2911 2973 3016 3061 3081 3093 3126 3131 3231 3236 3242 3244 3292 3388 3402 3416 3463 3513 3521 3541 3604 3663 3665 3693 3706 3735 3768 3778 3782 3801 3817 3829 3858 3883 3924 3925 

id: 84
content: Desktop Publishing
count: 4
the related sentence:283 558 694 2586 

id: 85
content: Digital Camera
count: 22
the related sentence:117 252 373 680 683 810 1046 1198 1308 1345 1874 2058 2526 2918 2989 3016 3232 3347 3415 3504 3859 3919 

id: 86
content: Digital preservation
count: 2
the related sentence:1414 2182 

id: 87
content: Direct Connect
count: 5
the related sentence:1036 1589 1947 1955 3731 

id: 88
content: Display
count: 36
the related sentence:19 149 341 481 610 616 703 706 737 765 1006 1201 1214 1458 1509 1782 2299 2356 2459 2526 2543 2561 2604 2834 2872 2908 2974 3140 3172 3336 3358 3460 3469 3524 3763 3765 

id: 89
content: Distributed Computing
count: 89
the related sentence:21 30 41 93 153 176 177 204 209 216 233 274 352 391 450 544 554 597 624 702 753 763 789 813 844 888 893 915 945 1016 1076 1083 1153 1158 1245 1319 1327 1355 1405 1428 1476 1493 1496 1600 1613 1727 1761 1771 1773 1797 1848 1870 1882 1968 2042 2052 2057 2071 2225 2260 2273 2279 2426 2504 2628 2653 2655 2660 2677 2705 2839 2924 2994 3014 3107 3112 3135 3256 3294 3378 3463 3523 3584 3624 3721 3911 3912 3955 3971 

id: 90
content: DocBook
count: 3
the related sentence:812 2483 3302 

id: 91
content: Documentation
count: 61
the related sentence:77 189 210 226 293 420 432 581 603 642 730 785 886 1030 1242 1246 1271 1335 1357 1389 1513 1545 1566 1616 1710 1769 1792 1792 1802 1872 2036 2265 2329 2355 2368 2421 2444 2500 2537 2591 2710 2738 2745 2836 2841 2853 2868 3031 3215 3302 3327 3433 3571 3778 3792 3898 3907 3944 3948 3948 3989 

id: 92
content: Dynamic Content
count: 315
the related sentence:2 43 54 55 58 63 84 91 131 150 160 165 184 188 199 200 216 251 260 266 278 291 299 324 340 346 347 356 368 369 370 376 395 407 418 422 424 462 467 497 498 503 517 549 550 565 572 579 607 658 659 695 711 717 745 766 787 819 846 864 882 910 915 930 937 946 951 953 957 975 983 999 1013 1019 1022 1087 1092 1094 1110 1139 1147 1151 1166 1182 1185 1189 1209 1216 1221 1223 1226 1275 1280 1289 1297 1307 1330 1359 1360 1364 1370 1373 1389 1412 1430 1452 1459 1465 1481 1493 1502 1510 1515 1541 1549 1604 1617 1618 1621 1634 1641 1649 1659 1691 1714 1729 1737 1752 1781 1787 1789 1806 1815 1820 1831 1913 1925 1958 1975 1996 1998 2001 2009 2011 2016 2034 2036 2041 2045 2046 2051 2060 2079 2085 2091 2092 2110 2111 2114 2130 2136 2148 2165 2171 2177 2179 2181 2222 2237 2250 2263 2265 2275 2280 2283 2293 2297 2309 2317 2331 2345 2376 2381 2394 2409 2436 2467 2470 2473 2474 2516 2517 2526 2529 2535 2536 2545 2550 2559 2567 2600 2606 2623 2636 2645 2648 2650 2653 2666 2689 2692 2737 2739 2741 2743 2754 2788 2789 2803 2818 2820 2827 2836 2838 2850 2859 2866 2878 2882 2897 2903 2921 2954 2956 2961 2974 2988 2990 3013 3018 3026 3042 3047 3076 3097 3110 3116 3129 3138 3149 3151 3158 3162 3170 3198 3222 3225 3229 3245 3266 3288 3298 3305 3354 3361 3375 3386 3396 3410 3428 3429 3456 3470 3474 3504 3508 3511 3527 3531 3534 3537 3556 3557 3558 3586 3588 3590 3605 3670 3677 3678 3681 3727 3730 3782 3783 3795 3825 3842 3844 3851 3864 3881 3902 3903 3905 3906 3918 3919 3920 3923 3966 3979 3982 3993 

id: 93
content: E-Commerce / Shopping
count: 20
the related sentence:57 194 441 480 831 971 1550 1595 1944 2066 2525 2550 2697 2850 2899 2950 3040 3593 3596 3972 

id: 94
content: ERP
count: 40
the related sentence:48 270 414 545 573 748 853 971 981 1172 1177 1366 1403 1416 1544 1579 1744 1906 2119 2252 2382 2450 2533 2667 2672 2721 2748 2775 2856 2986 3022 3030 3040 3128 3167 3241 3332 3439 3672 3715 

id: 95
content: ETL
count: 6
the related sentence:763 1152 1909 2680 3278 3736 

id: 96
content: Earth Sciences
count: 32
the related sentence:126 333 620 964 965 1155 1306 1325 1341 1431 1485 1623 1643 1803 1917 1976 2056 2118 2203 2354 2402 2452 2566 2768 2899 2902 2930 3057 3103 3836 3932 3937 

id: 97
content: Ecosystem Sciences
count: 11
the related sentence:43 472 1463 2210 2452 2768 2971 3204 3320 3861 3932 

id: 98
content: Editors
count: 55
the related sentence:267 357 503 655 720 723 795 865 961 1009 1046 1053 1187 1194 1198 1264 1344 1372 1391 1569 1606 1637 1694 1708 1750 1980 1986 1987 2058 2281 2364 2683 2683 2773 2829 2854 2896 2957 2965 3024 3169 3171 3319 3414 3494 3614 3628 3651 3693 3744 3805 3847 3941 3941 3998 

id: 99
content: Education
count: 194
the related sentence:1 8 14 18 28 54 68 142 178 321 323 375 411 420 426 440 474 478 504 511 527 553 567 574 587 600 603 606 617 635 685 701 712 721 722 751 762 768 771 796 806 813 817 825 861 870 902 1041 1086 1124 1126 1162 1165 1167 1173 1174 1192 1209 1226 1295 1323 1341 1363 1397 1408 1419 1423 1455 1484 1514 1536 1591 1599 1621 1653 1668 1688 1718 1720 1738 1739 1777 1788 1790 1831 1856 1882 1887 1912 1928 1960 1973 1974 2048 2063 2090 2108 2131 2153 2171 2201 2202 2239 2245 2246 2248 2255 2256 2290 2305 2313 2321 2335 2345 2385 2393 2398 2413 2461 2467 2476 2488 2510 2541 2563 2573 2592 2599 2608 2664 2669 2712 2714 2729 2780 2811 2831 2832 2842 2847 2853 2862 2886 2889 2891 2923 2966 2976 2986 2998 3012 3015 3055 3061 3071 3113 3134 3179 3197 3220 3224 3252 3254 3258 3306 3324 3353 3384 3408 3429 3454 3493 3497 3528 3530 3565 3594 3618 3636 3637 3650 3655 3691 3700 3718 3746 3748 3798 3854 3872 3885 3985 3994 3996 

id: 100
content: Electronic Design Automation (EDA)
count: 16
the related sentence:420 544 1118 1185 1188 1255 1437 1442 1684 1695 1722 2244 3381 3489 3927 3937 

id: 101
content: Emacs
count: 4
the related sentence:430 594 968 3756 

id: 102
content: Email
count: 62
the related sentence:9 23 229 273 364 423 523 529 550 562 596 668 672 707 725 850 1011 1144 1213 1230 1355 1370 1444 1619 1674 1766 1826 1847 1867 1883 1924 1930 2021 2102 2111 2114 2129 2388 2394 2473 2532 2559 2667 2684 2718 2820 2848 2966 3096 3111 3146 3248 3291 3413 3416 3581 3757 3791 3820 3839 3906 3993 

id: 103
content: Email Clients (MUA)
count: 21
the related sentence:788 834 1023 1311 1367 1380 1430 1704 2192 2277 2585 2594 2604 2685 2724 3059 3150 3228 3234 3361 3604 

id: 104
content: Embedded systems
count: 26
the related sentence:41 98 268 371 394 577 726 832 905 1039 1137 1268 1658 1717 1791 1878 1961 2391 2802 3009 3297 3496 3517 3850 3861 3925 

id: 105
content: Emulators
count: 31
the related sentence:202 285 323 442 583 638 1041 1112 1374 1375 1447 1548 1722 1901 2004 2096 2212 2314 2407 2663 2757 2900 3089 3199 3350 3392 3472 3521 3623 3759 3959 

id: 106
content: Enlightenment
count: 1
the related sentence:1563 

id: 107
content: Enterprise
count: 88
the related sentence:5 13 122 131 270 350 389 390 414 419 571 624 658 784 789 842 914 981 992 1013 1062 1196 1262 1279 1282 1416 1490 1491 1544 1574 1579 1644 1709 1744 1809 1890 1891 1915 1974 2086 2091 2095 2119 2257 2382 2440 2514 2598 2693 2709 2721 2737 2741 2780 2791 2800 2855 2856 2910 2986 3005 3022 3078 3079 3122 3141 3188 3241 3245 3278 3307 3313 3315 3354 3422 3441 3462 3533 3548 3566 3692 3726 3728 3736 3811 3934 3986 3997 

id: 108
content: FIDO
count: 1
the related sentence:1772 

id: 109
content: Fax
count: 14
the related sentence:270 676 859 1121 1339 1378 1479 1537 2846 3259 3342 3695 3809 3852 

id: 110
content: File Management
count: 66
the related sentence:119 227 267 309 454 588 625 658 716 758 779 793 795 810 879 880 889 952 1061 1283 1320 1333 1353 1511 1593 1701 1705 1707 1817 1850 1904 1947 1998 2071 2096 2120 2182 2209 2243 2296 2365 2439 2509 2560 2629 2638 2702 2743 2835 2860 2982 2993 3088 3147 3280 3281 3298 3421 3448 3513 3633 3640 3806 3836 3841 3896 

id: 111
content: File Sharing
count: 120
the related sentence:8 13 15 36 37 49 93 144 219 238 244 260 274 356 372 388 427 510 517 536 541 580 611 725 766 800 818 889 893 903 924 925 939 943 944 952 1010 1036 1063 1072 1083 1094 1149 1156 1203 1224 1245 1266 1275 1277 1279 1283 1327 1352 1392 1434 1444 1554 1589 1632 1730 1787 1821 1825 1877 1883 1927 1940 1983 2001 2013 2040 2047 2060 2110 2174 2177 2213 2253 2274 2294 2316 2425 2568 2606 2701 2773 2825 2848 2865 2939 2955 2993 3082 3097 3117 3122 3150 3170 3175 3184 3193 3269 3337 3354 3378 3401 3456 3550 3636 3652 3704 3790 3852 3862 3887 3894 3908 3932 3993 

id: 112
content: File Transfer Protocol (FTP)
count: 46
the related sentence:6 29 50 327 336 429 457 678 740 917 938 939 1352 1436 1704 1819 1829 1902 1925 2040 2045 2058 2172 2174 2204 2307 2378 2406 2443 2745 2801 2907 2997 3059 3097 3168 3170 3280 3321 3337 3421 3480 3636 3643 3810 3865 

id: 113
content: Filesystems
count: 67
the related sentence:7 29 61 119 124 163 284 363 377 442 490 515 654 679 880 882 898 900 920 935 952 963 977 996 1200 1214 1316 1336 1353 1429 1522 1609 1817 1850 1904 2010 2081 2120 2122 2299 2351 2437 2655 2702 2756 2784 2823 2844 2858 2911 2913 2980 2982 3088 3126 3280 3371 3394 3448 3475 3484 3495 3513 3631 3856 3887 3896 

id: 114
content: Filters
count: 21
the related sentence:276 808 1017 1262 2192 2271 2291 2359 2490 2567 2594 2648 2767 2787 3023 3150 3296 3425 3632 3688 3703 

id: 115
content: Financial
count: 25
the related sentence:290 388 731 764 871 1011 1064 1180 1387 1543 1579 1686 2028 2119 2349 2499 2514 2776 2986 3206 3305 3437 3440 3584 3696 

id: 116
content: Finger
count: 3
the related sentence:2997 3054 3213 

id: 117
content: Firewalls
count: 50
the related sentence:34 37 59 120 129 228 325 334 427 428 551 584 839 851 890 918 1393 1401 1407 1434 1655 1823 1825 1953 1960 1964 1969 1989 2061 2093 2156 2271 2339 2912 2942 2948 3020 3060 3130 3213 3236 3312 3325 3390 3412 3477 3737 3784 3821 3839 

id: 118
content: First Person Shooters
count: 53
the related sentence:155 159 217 232 316 413 415 513 631 897 975 1078 1304 1331 1494 1508 1569 1603 1642 1645 1646 1762 1775 1779 1844 1965 2029 2039 2055 2104 2125 2176 2197 2344 2441 2444 2453 2544 2578 2584 2660 2707 2796 2875 2876 3160 3200 3297 3587 3687 3840 3878 3893 

id: 119
content: Flight simulator
count: 4
the related sentence:237 1762 3405 3984 

id: 120
content: Fonts
count: 4
the related sentence:212 1636 2947 2966 

id: 121
content: Fractals and Procedural Generation
count: 9
the related sentence:4 222 396 1306 2363 2477 2779 3287 3553 

id: 122
content: Frameworks
count: 305
the related sentence:5 11 41 45 64 66 87 105 134 135 152 172 175 191 204 208 240 246 256 275 299 304 310 328 330 331 340 347 353 365 366 382 395 401 406 414 418 456 459 463 498 514 522 530 534 537 542 552 613 615 619 635 641 657 677 679 684 688 697 698 699 705 716 724 726 729 750 792 802 824 829 836 862 872 875 884 886 891 911 926 961 967 982 986 1013 1037 1048 1062 1083 1085 1102 1115 1138 1139 1145 1153 1167 1184 1197 1205 1208 1210 1273 1287 1289 1303 1321 1342 1347 1356 1357 1361 1365 1383 1433 1438 1468 1481 1487 1490 1499 1542 1557 1575 1581 1597 1608 1624 1628 1630 1675 1764 1774 1785 1811 1829 1844 1852 1897 1901 1906 1909 1918 1938 1948 1961 1984 2023 2035 2071 2072 2073 2095 2101 2136 2140 2150 2153 2159 2167 2175 2180 2185 2186 2208 2241 2275 2297 2315 2317 2343 2369 2375 2396 2420 2426 2443 2453 2468 2481 2500 2516 2524 2529 2535 2570 2588 2590 2596 2614 2615 2634 2659 2665 2671 2688 2706 2711 2742 2753 2771 2788 2797 2799 2800 2808 2814 2826 2827 2839 2849 2864 2866 2869 2870 2881 2884 2890 2892 2895 2903 2916 2927 2931 2938 2944 2956 2969 2982 2990 2994 2995 3013 3072 3105 3127 3132 3144 3151 3161 3167 3174 3183 3194 3211 3212 3217 3225 3229 3235 3256 3281 3283 3285 3310 3311 3315 3323 3341 3344 3356 3370 3373 3380 3385 3414 3427 3431 3444 3457 3491 3531 3555 3585 3593 3596 3624 3625 3638 3647 3677 3692 3747 3752 3758 3768 3786 3798 3822 3831 3834 3838 3874 3880 3886 3911 3921 3922 3923 3934 3950 3968 3983 3988 3991 

id: 123
content: Front-Ends
count: 180
the related sentence:2 52 67 69 81 131 166 179 190 199 211 213 215 243 251 266 326 356 359 362 370 381 388 390 417 470 479 512 521 555 624 652 719 723 741 755 780 786 817 820 892 894 915 936 956 965 1019 1022 1049 1054 1066 1094 1100 1146 1151 1182 1196 1225 1250 1270 1307 1325 1361 1364 1381 1389 1402 1412 1413 1422 1442 1493 1513 1519 1524 1539 1549 1557 1558 1585 1586 1618 1625 1659 1661 1667 1691 1725 1729 1739 1807 1809 1833 1857 1869 1910 1922 1933 1955 1956 1974 1984 2011 2015 2017 2021 2046 2051 2054 2066 2088 2092 2114 2158 2177 2200 2217 2218 2235 2237 2285 2305 2341 2466 2471 2501 2506 2511 2516 2522 2539 2545 2548 2586 2692 2698 2736 2762 2771 2772 2781 2784 2824 2973 2987 2991 3111 3151 3156 3174 3208 3233 3235 3245 3248 3257 3386 3403 3410 3411 3418 3490 3492 3552 3557 3576 3613 3661 3662 3673 3769 3783 3816 3851 3854 3886 3918 3931 3949 3961 

id: 124
content: GIS
count: 34
the related sentence:282 333 520 723 961 1155 1183 1295 1312 1431 1463 1485 1493 1544 1643 1677 1746 1786 1799 1820 1937 2377 2442 2566 2581 2678 2768 2877 2930 3137 3395 3549 3708 3751 

id: 125
content: GPS (Global Positioning System)
count: 14
the related sentence:103 271 409 535 1677 1786 1799 1937 2190 2557 3057 3549 3916 3961 

id: 126
content: Game development framework
count: 36
the related sentence:436 463 613 829 852 986 1005 1184 1309 1390 1417 1505 1591 1630 1755 1886 1918 1985 2185 2224 2267 2344 2831 3194 3432 3438 3466 3551 3564 3574 3779 3812 3874 3953 3981 3984 

id: 127
content: Games/Entertainment
count: 162
the related sentence:4 10 22 52 65 66 85 90 174 281 285 322 345 366 397 437 455 464 485 508 560 600 608 613 646 690 696 709 750 751 756 759 769 811 826 847 869 887 895 900 990 1005 1010 1074 1131 1134 1138 1150 1165 1186 1212 1217 1252 1257 1280 1309 1337 1364 1369 1386 1448 1460 1484 1536 1588 1594 1615 1631 1668 1732 1802 1808 1830 1851 1861 1887 1888 1892 1896 1908 1933 2033 2096 2098 2177 2195 2206 2229 2306 2338 2351 2352 2362 2385 2400 2405 2407 2445 2448 2467 2475 2476 2512 2523 2551 2599 2606 2681 2682 2764 2774 2822 2848 2876 2881 2933 2943 2961 3025 3041 3086 3089 3106 3111 3115 3124 3179 3196 3250 3263 3270 3274 3300 3306 3333 3374 3383 3389 3395 3414 3423 3434 3450 3453 3455 3472 3530 3563 3564 3650 3670 3691 3701 3724 3792 3798 3822 3829 3846 3936 3978 3984 

id: 128
content: Genealogy
count: 3
the related sentence:89 1784 3398 

id: 129
content: Genetic Algorithms
count: 10
the related sentence:381 776 1584 2126 2162 2665 2699 2712 3058 3519 

id: 130
content: Gnome
count: 37
the related sentence:262 317 439 483 508 604 611 754 805 869 984 1112 1377 1702 1767 1793 2178 2281 2287 2430 2537 2861 3120 3125 3228 3279 3321 3389 3417 3426 3542 3648 3690 3780 3799 3837 3943 

id: 131
content: Gnutella
count: 3
the related sentence:312 2259 2717 

id: 132
content: Graphics
count: 84
the related sentence:10 20 36 66 90 205 236 267 286 511 560 728 754 771 822 847 869 953 993 999 1056 1080 1104 1129 1131 1167 1179 1192 1235 1258 1334 1369 1372 1399 1440 1518 1531 1649 1743 1816 2009 2014 2160 2195 2210 2226 2229 2233 2267 2316 2332 2347 2387 2400 2407 2427 2475 2509 2536 2610 2660 2728 2749 2815 3085 3192 3216 3263 3287 3295 3299 3305 3398 3465 3472 3538 3701 3710 3733 3829 3842 3863 3873 3904 

id: 133
content: Graphics Conversion
count: 44
the related sentence:181 337 342 505 593 626 659 756 770 791 1254 1339 1372 1414 1497 1504 1638 1708 1770 1791 1798 1800 1874 1929 1959 2621 2675 2751 2855 2893 2907 2989 3024 3056 3339 3392 3450 3575 3685 3806 3813 3859 3927 3960 

id: 134
content: Groupware
count: 6
the related sentence:974 1650 3035 3141 3251 3654 

id: 135
content: HTML/XHTML
count: 50
the related sentence:113 114 183 193 206 382 500 555 632 674 736 793 946 1018 1020 1034 1087 1246 1349 1565 1573 1689 1979 1983 2053 2074 2235 2261 2345 2415 2473 2487 2674 2819 2878 2935 2938 3145 3202 3376 3428 3562 3583 3619 3642 3673 3802 3819 3902 3967 

id: 136
content: HTTP Servers
count: 91
the related sentence:21 32 38 114 201 263 457 479 528 533 550 575 689 695 717 733 736 756 828 913 933 1072 1094 1116 1185 1189 1210 1223 1321 1436 1475 1486 1578 1609 1663 1704 1807 1845 1849 1876 1925 1959 2058 2059 2061 2109 2117 2181 2263 2283 2366 2459 2535 2556 2564 2571 2580 2602 2622 2635 2713 2905 2909 2955 3066 3076 3097 3101 3110 3116 3130 3193 3255 3352 3361 3504 3518 3577 3595 3599 3615 3643 3709 3758 3764 3775 3826 3881 3908 3909 3983 

id: 137
content: Ham Radio
count: 8
the related sentence:313 2203 2837 2840 2954 2984 3164 3674 

id: 138
content: Hardware
count: 44
the related sentence:128 218 311 317 373 394 442 544 660 811 1043 1073 1141 1188 1295 1324 1447 1516 1587 1622 1692 1878 1889 1898 2135 2245 2347 2391 2649 2703 2802 2811 2823 2837 2932 2981 3039 3048 3301 3350 3489 3684 3711 3845 

id: 139
content: Hardware Drivers
count: 24
the related sentence:3 109 337 844 977 1379 1416 1455 1559 1717 1942 2012 2049 2205 2323 2333 2407 2546 2756 2812 2911 3475 3832 3856 

id: 140
content: Hardware Watchdog
count: 4
the related sentence:1383 2330 3419 3784 

id: 141
content: History
count: 3
the related sentence:89 1777 3324 

id: 142
content: Hobbies
count: 17
the related sentence:181 1140 1173 1654 1679 1818 1936 2232 2512 2573 2642 3121 3420 3553 3682 3693 3980 

id: 143
content: Home Automation
count: 15
the related sentence:221 610 843 979 1265 1278 1593 1622 1692 1707 2960 3358 3506 3517 3883 

id: 144
content: Home Theater PC
count: 23
the related sentence:610 675 804 1340 1449 1593 1861 1936 2299 2411 2629 2656 2704 2987 3189 3336 3719 3738 3761 3857 3883 3975 3980 

id: 145
content: Human Machine Interfaces
count: 66
the related sentence:174 180 308 311 384 420 453 460 461 623 644 703 719 837 894 970 1104 1131 1185 1292 1319 1324 1369 1415 1428 1462 1516 1584 1627 1648 1662 1695 1822 1841 1868 1873 1975 2036 2082 2133 2147 2228 2245 2314 2358 2400 2508 2566 2676 2710 2832 2852 2978 3107 3120 3152 3430 3500 3644 3738 3808 3853 3874 3889 3943 3960 

id: 146
content: Human Resources
count: 7
the related sentence:748 981 1784 1871 3566 3602 3961 

id: 147
content: Humanitarianism
count: 2
the related sentence:2513 3052 

id: 148
content: I18N (Internationalization)
count: 15
the related sentence:395 482 514 1303 1498 1595 1813 2313 2327 2340 2485 2577 2999 3266 3833 

id: 149
content: ICQ
count: 12
the related sentence:429 988 1175 1313 1348 1730 2115 2374 3581 3694 3743 3776 

id: 150
content: IMAP
count: 12
the related sentence:33 80 808 1311 2022 2196 2277 2291 2359 3082 3411 3718 

id: 151
content: Image Galleries
count: 27
the related sentence:44 350 379 399 407 683 746 841 1266 1523 1546 1687 1694 1784 1905 1957 2148 2183 2565 2987 2989 3232 3339 3447 3686 3914 3942 

id: 152
content: Indexing/Search
count: 96
the related sentence:50 68 188 200 297 356 382 386 388 410 422 496 497 541 692 746 758 786 792 831 877 882 896 1017 1022 1028 1130 1142 1170 1225 1245 1257 1270 1389 1466 1496 1519 1535 1567 1621 1714 1793 1820 1856 1857 1859 1909 1933 2040 2114 2217 2254 2318 2357 2368 2389 2419 2446 2564 2571 2636 2639 2691 2795 2806 2830 2921 3013 3018 3159 3222 3224 3271 3365 3424 3470 3495 3554 3557 3567 3590 3630 3660 3681 3707 3716 3775 3795 3808 3825 3844 3870 3918 3950 3970 3974 

id: 153
content: Information Analysis
count: 123
the related sentence:2 5 25 78 101 191 192 215 231 233 239 247 308 404 414 443 559 666 669 710 755 781 815 820 835 842 1020 1183 1205 1239 1240 1288 1325 1332 1338 1405 1441 1461 1467 1503 1555 1561 1620 1678 1725 1734 1776 1827 1842 1852 1910 1914 1915 1937 1967 2008 2016 2078 2082 2106 2113 2141 2184 2254 2276 2303 2377 2399 2408 2440 2451 2467 2478 2583 2597 2603 2612 2819 2902 2929 2930 2941 2945 2946 2949 2951 2967 2978 3019 3078 3123 3136 3145 3148 3157 3195 3203 3284 3377 3381 3498 3499 3520 3528 3533 3546 3559 3578 3598 3616 3622 3696 3716 3741 3868 3870 3871 3886 3891 3904 3913 3946 3950 

id: 154
content: Init
count: 9
the related sentence:905 963 1043 1398 1455 1526 3009 3517 3759 

id: 155
content: Installation/Setup
count: 58
the related sentence:124 285 288 305 419 431 444 524 664 721 783 825 839 879 916 935 963 1075 1097 1109 1114 1133 1232 1360 1464 1568 1601 1644 1665 1676 1702 1719 1751 1754 1907 2003 2122 2134 2142 2194 2272 2348 2447 2560 2613 2962 3161 3247 3262 3346 3357 3394 3406 3412 3591 3750 3801 3896 

id: 156
content: Insurance
count: 2
the related sentence:389 1038 

id: 157
content: Integrated Development Environments (IDE)
count: 53
the related sentence:45 65 79 355 430 432 557 682 714 743 854 968 1060 1164 1286 1349 1424 1847 2076 2138 2139 2161 2236 2294 2296 2297 2298 2331 2341 2433 2471 2502 2511 2539 2688 2725 2745 2747 2762 2769 2828 2888 2903 2933 2960 3003 3208 3226 3253 3573 3927 3940 3996 

id: 158
content: Intelligent Agents
count: 27
the related sentence:5 21 476 559 1148 1301 1567 1888 1968 2021 2147 2154 2612 3058 3157 3261 3430 3432 3499 3519 3594 3613 3696 3861 3938 3950 3956 

id: 159
content: Interface Engine/Protocol Translator
count: 24
the related sentence:218 234 388 472 710 807 835 970 1442 1561 1584 1662 1936 2152 2326 2350 2611 2633 2832 2951 3296 3755 3776 3971 

id: 160
content: Internet
count: 207
the related sentence:5 15 37 40 59 86 137 142 144 151 169 170 176 177 185 205 245 264 282 300 303 322 359 375 415 421 423 425 427 435 440 446 478 480 505 510 525 543 561 589 626 630 676 686 700 722 769 772 796 800 801 806 813 821 823 859 912 929 956 1003 1049 1062 1083 1093 1103 1113 1149 1154 1156 1162 1174 1180 1190 1206 1229 1244 1247 1249 1299 1355 1371 1377 1393 1396 1399 1406 1419 1465 1473 1476 1488 1489 1501 1524 1554 1564 1572 1614 1633 1639 1651 1655 1665 1675 1736 1794 1821 1823 1853 1896 1953 1981 1991 2000 2006 2033 2044 2052 2084 2093 2095 2139 2143 2157 2167 2219 2220 2227 2289 2295 2338 2428 2430 2458 2498 2514 2520 2568 2572 2585 2592 2604 2628 2662 2682 2691 2698 2713 2723 2726 2771 2805 2810 2825 2842 2863 2924 2948 2984 3020 3027 3089 3142 3155 3168 3175 3179 3183 3201 3220 3228 3267 3291 3329 3330 3355 3367 3374 3380 3413 3423 3452 3453 3471 3512 3550 3592 3604 3620 3645 3648 3676 3688 3699 3710 3745 3789 3807 3817 3821 3830 3849 3862 3936 3957 3976 3987 

id: 161
content: Internet Phone
count: 29
the related sentence:408 468 664 691 801 908 917 1096 1098 1256 1343 1409 1533 2319 2476 2497 2637 2981 3104 3111 3272 3279 3374 3526 3532 3608 3712 3742 3809 

id: 162
content: Internet Relay Chat
count: 30
the related sentence:137 182 429 529 559 911 988 1074 1175 1313 1425 1795 1896 2052 2115 2374 2747 2875 2954 3146 3155 3248 3294 3367 3430 3563 3694 3743 3853 3965 

id: 163
content: Interpreters
count: 79
the related sentence:51 113 133 143 178 182 190 197 201 248 291 302 310 348 367 386 506 564 685 692 702 714 724 752 892 901 930 1012 1058 1123 1125 1178 1205 1218 1222 1349 1371 1420 1602 1731 1808 1831 1852 1938 1948 2075 2103 2164 2200 2258 2284 2521 2624 2634 2688 2826 2828 2887 2928 2964 2998 3033 3156 3198 3201 3230 3273 3296 3300 3308 3547 3589 3597 3601 3701 3759 3877 3963 3973 

id: 164
content: Investment
count: 7
the related sentence:465 1384 2028 2499 2575 2899 3074 

id: 165
content: JSON
count: 19
the related sentence:26 269 519 561 941 976 1018 1197 1469 1580 2250 2261 2680 2758 2904 3112 3459 3518 3673 

id: 166
content: Jabber
count: 9
the related sentence:1204 1281 1313 1348 1356 2730 3567 3580 3787 

id: 167
content: K Desktop Environment (KDE)
count: 18
the related sentence:34 508 722 793 998 1484 1711 1759 1851 1892 1995 2081 2520 2537 3650 3799 3804 3837 

id: 168
content: Knowledge Management
count: 21
the related sentence:376 1146 1215 1320 1395 1491 1539 1574 1620 2015 2086 2489 2553 2590 2639 3188 3275 3381 3424 3554 3717 

id: 169
content: L10N (Localization)
count: 6
the related sentence:482 514 1498 2327 2999 3833 

id: 170
content: LDAP
count: 15
the related sentence:325 1260 1826 2061 2196 2285 2873 2910 3062 3095 3298 3379 3411 3820 3912 

id: 171
content: Languages
count: 14
the related sentence:62 212 507 629 969 1671 1681 1868 2308 2821 3195 3284 3497 3600 

id: 172
content: Libraries
count: 106
the related sentence:64 101 125 236 342 365 448 454 459 462 493 542 598 615 639 697 872 934 950 967 972 1039 1044 1116 1143 1159 1184 1208 1220 1263 1273 1300 1312 1329 1365 1394 1405 1433 1435 1449 1580 1596 1608 1631 1683 1703 1732 1753 1771 1905 1921 1961 1984 2012 2087 2140 2224 2268 2315 2337 2371 2472 2482 2518 2613 2616 2633 2668 2679 2697 2699 2700 2711 2814 2916 2974 2995 2999 3002 3011 3028 3080 3094 3096 3145 3177 3194 3211 3212 3277 3285 3360 3373 3393 3444 3481 3484 3491 3522 3541 3582 3647 3850 3882 3889 3929 

id: 173
content: Library
count: 20
the related sentence:1270 1323 1410 1439 1499 1555 1947 2031 2035 2059 2079 2146 2150 2217 2400 3184 3562 3617 3862 3910 

id: 174
content: Linguistics
count: 18
the related sentence:374 484 569 694 815 1236 1636 1653 1813 1946 2113 2145 2327 2941 3435 3467 3617 3871 

id: 175
content: Link Checking
count: 7
the related sentence:2022 2173 2330 2389 2580 3511 3992 

id: 176
content: Linux
count: 46
the related sentence:12 34 109 119 139 262 495 527 721 1098 1112 1137 1268 1300 1379 1456 1488 1559 1850 1864 1942 2238 2333 2617 2663 2716 2786 2790 2927 3002 3048 3119 3147 3173 3181 3262 3406 3589 3592 3631 3786 3799 3839 3845 3856 3995 

id: 177
content: Live CD
count: 6
the related sentence:70 1780 1840 2719 3340 3612 

id: 178
content: Log Analysis
count: 49
the related sentence:120 173 203 231 345 414 528 622 636 669 672 742 798 845 851 887 938 1033 1094 1119 1168 1210 1234 1382 1475 1517 1626 1747 1758 1797 1884 1971 2100 2166 2339 2494 2564 2602 2750 2917 2917 2942 3303 3495 3622 3720 3775 3794 3884 

id: 179
content: Log Rotation
count: 6
the related sentence:239 873 1265 1626 2330 2332 

id: 180
content: Logging
count: 92
the related sentence:30 42 162 164 173 203 272 277 318 393 414 491 526 528 546 547 622 636 640 662 667 742 767 798 800 845 883 888 927 948 980 982 1024 1033 1111 1142 1166 1234 1261 1457 1522 1568 1578 1605 1640 1706 1758 1819 1825 1855 1975 2064 2068 2240 2339 2346 2378 2397 2431 2437 2602 2693 2750 2756 2790 2792 2819 2823 2909 2942 3006 3032 3077 3095 3125 3165 3190 3205 3233 3303 3338 3371 3379 3479 3495 3659 3726 3749 3767 3778 3884 3892 

id: 181
content: MARC and Book/Library Metadata
count: 3
the related sentence:3341 3410 3910 

id: 182
content: MIDI
count: 25
the related sentence:292 306 578 865 907 1047 1084 1194 1314 1445 1582 2337 2360 2386 2624 2965 3134 3171 3214 3252 3319 3585 3753 3800 3943 

id: 183
content: MMORPG
count: 22
the related sentence:289 463 576 931 983 1756 1918 1931 2342 2744 2822 2857 2931 3276 3574 3779 3788 3814 3867 3951 3974 3981 

id: 184
content: MP3
count: 34
the related sentence:31 146 230 387 481 539 758 855 866 959 998 1212 1453 1576 1607 1649 1690 1748 1857 1945 2109 2221 2308 2425 2732 2872 2927 2952 3072 3387 3719 3761 3857 3917 

id: 185
content: MSN Messenger
count: 8
the related sentence:580 1313 1444 1501 2374 2730 3743 3804 

id: 186
content: Machine Learning
count: 21
the related sentence:374 456 719 763 919 1079 1127 1240 1946 2083 2144 2401 2547 2941 3021 3058 3261 3467 3667 3707 3956 

id: 187
content: Machine Translation
count: 6
the related sentence:62 863 2082 3195 3284 3985 

id: 188
content: Mail Transport Agents
count: 16
the related sentence:38 127 276 1023 1049 1262 1367 1883 2192 2222 2685 2767 2905 3503 3595 3632 

id: 189
content: Mailing List Servers
count: 10
the related sentence:127 276 417 1023 2585 2685 2724 2787 2954 3595 

id: 190
content: Mainframes
count: 2
the related sentence:24 2152 

id: 191
content: Mapping
count: 13
the related sentence:519 535 1272 1312 1643 1677 1790 2354 2401 3057 3240 3313 3322 

id: 192
content: Mathematics
count: 134
the related sentence:1 5 72 145 231 254 295 335 412 443 567 568 574 585 587 623 666 685 696 755 762 858 870 965 978 1004 1055 1069 1085 1124 1126 1158 1159 1183 1217 1276 1298 1334 1394 1418 1467 1506 1512 1560 1588 1592 1610 1612 1657 1678 1695 1763 1776 1777 1790 1889 1914 1923 2027 2057 2089 2144 2195 2242 2268 2325 2334 2363 2393 2402 2408 2418 2435 2461 2469 2491 2562 2597 2605 2608 2609 2612 2624 2627 2696 2708 2728 2755 2779 2782 2843 2859 2880 2930 2937 2946 2967 3051 3103 3204 3219 3258 3334 3359 3397 3399 3407 3426 3436 3437 3465 3487 3496 3505 3514 3520 3533 3538 3546 3559 3565 3589 3642 3655 3698 3703 3741 3753 3850 3885 3913 3920 3930 3946 

id: 193
content: Mechanical and Civil Engineering
count: 6
the related sentence:1293 1301 1590 1878 2651 3011 

id: 194
content: Medical Physics
count: 2
the related sentence:1157 3933 

id: 195
content: Medical Science Apps.
count: 50
the related sentence:25 28 126 254 402 424 453 602 635 703 835 870 881 964 1029 1239 1310 1375 1413 1428 1734 1768 1822 1828 1926 2078 2266 2325 2350 2464 2569 2581 2603 2652 2768 2920 3005 3019 3084 3100 3137 3304 3343 3458 3680 3730 3819 3926 3977 3994 

id: 196
content: Medical/Healthcare
count: 9
the related sentence:25 475 1038 1346 2248 2303 2311 2601 3717 

id: 197
content: Message Boards
count: 37
the related sentence:116 154 244 259 273 354 406 788 883 921 1028 1050 1135 1203 1423 1519 1535 1704 1712 1772 2021 2090 2219 2353 2466 2674 2862 3209 3239 3269 3362 3365 3486 3525 3843 3879 3999 

id: 198
content: Metadata editors
count: 8
the related sentence:1308 1546 1637 1743 2183 2312 3133 3180 

id: 199
content: Mixers
count: 17
the related sentence:306 865 866 917 1084 1212 1228 1606 2896 2957 3387 3407 3744 3800 3805 3947 3977 

id: 200
content: Mobile
count: 44
the related sentence:17 75 103 146 271 282 447 605 678 727 908 920 934 942 982 1032 1134 1172 1204 1211 1599 1650 1748 1799 1860 1898 2010 2034 2047 2213 2232 2714 2723 2798 2953 3197 3522 3556 3558 3588 3702 3732 3858 3939 

id: 201
content: Modeling
count: 54
the related sentence:110 125 140 293 339 420 487 488 516 732 777 797 815 919 994 1125 1207 1357 1470 1616 1623 1666 1697 1764 1811 1858 1916 2035 2180 2292 2383 2396 2487 2524 2555 2598 2614 2708 2753 2800 2864 2922 2972 3078 3178 3221 3315 3323 3499 3922 3950 3969 3989 3996 

id: 202
content: Modelling
count: 5
the related sentence:628 842 1272 1620 1763 

id: 203
content: Molecular Mechanics
count: 5
the related sentence:1090 1553 1982 2038 3331 

id: 204
content: Molecular Science
count: 21
the related sentence:47 130 180 208 602 964 1239 1395 1443 1590 1885 2037 2361 2515 3010 3249 3331 3561 3627 3680 3796 

id: 205
content: Monitoring
count: 130
the related sentence:27 30 50 70 120 129 153 158 162 170 192 203 229 358 392 393 491 492 526 531 546 547 556 584 589 640 667 733 736 742 767 860 888 918 948 960 973 975 1033 1048 1067 1103 1111 1142 1158 1160 1234 1249 1261 1281 1328 1351 1377 1407 1471 1473 1478 1483 1522 1525 1605 1626 1640 1669 1747 1785 1819 1825 1854 1884 1891 1932 1953 1989 1996 2099 2100 2133 2143 2166 2302 2328 2339 2346 2358 2431 2437 2528 2580 2620 2662 2673 2693 2726 2759 2781 2783 2792 2909 2942 2948 2979 3032 3054 3065 3148 3157 3303 3312 3325 3338 3367 3379 3449 3477 3495 3507 3532 3540 3622 3726 3737 3774 3777 3818 3821 3830 3839 3892 3900 

id: 206
content: Multi-User Dungeons (MUD)
count: 59
the related sentence:243 289 463 516 540 634 687 749 774 848 931 1014 1304 1331 1356 1362 1483 1564 1721 1731 1941 1962 1986 2007 2163 2197 2227 2387 2531 2549 2572 2660 2729 2785 2857 2931 3004 3027 3085 3118 3138 3223 3238 3264 3372 3427 3430 3451 3476 3574 3683 3687 3699 3773 3780 3867 3893 3965 3994 

id: 207
content: Multimedia
count: 60
the related sentence:118 319 455 464 485 504 521 605 621 743 759 811 1138 1163 1199 1202 1326 1337 1386 1533 1614 1621 1631 1692 1732 1741 1900 1966 2013 2098 2129 2179 2206 2352 2411 2464 2546 2615 2661 2682 2723 2825 2881 2936 2988 3092 3106 3214 3257 3388 3423 3539 3645 3653 3665 3677 3765 3807 3970 3976 

id: 208
content: Multiplayer
count: 46
the related sentence:71 76 111 155 237 434 466 471 526 774 876 934 983 1108 1253 1358 1460 1521 1654 1699 1755 1756 1779 1836 1908 1931 1985 1992 2039 2187 2373 2578 2822 2996 3114 3182 3276 3297 3445 3530 3689 3724 3812 3846 3878 3936 

id: 209
content: NIS
count: 1
the related sentence:825 

id: 210
content: NNTP
count: 1
the related sentence:958 

id: 211
content: Name Service (DNS)
count: 16
the related sentence:279 378 433 457 566 689 713 1051 1251 1663 1829 1899 1939 2142 3425 3740 

id: 212
content: Napster
count: 2
the related sentence:2717 2795 

id: 213
content: Networking
count: 175
the related sentence:9 12 16 80 86 93 109 123 124 133 169 177 185 218 219 245 264 279 300 312 327 336 352 359 378 398 415 425 428 433 450 475 511 515 518 525 527 533 541 601 692 717 805 823 828 906 940 943 958 985 995 1042 1051 1052 1072 1083 1093 1101 1174 1190 1206 1224 1229 1251 1294 1299 1379 1402 1455 1475 1488 1496 1501 1525 1609 1628 1639 1656 1670 1751 1771 1795 1821 1846 1848 1902 1907 1927 1939 1988 2006 2013 2049 2059 2133 2135 2142 2204 2216 2272 2273 2274 2328 2371 2380 2388 2426 2428 2447 2456 2458 2460 2470 2482 2617 2620 2628 2700 2752 2770 2789 2790 2795 2810 2812 2837 2840 2863 2875 2907 2924 2963 2994 3006 3023 3034 3077 3087 3095 3111 3117 3139 3142 3143 3155 3175 3181 3255 3310 3329 3401 3404 3421 3425 3463 3471 3523 3526 3547 3592 3632 3676 3705 3711 3712 3713 3721 3731 3740 3745 3755 3774 3789 3790 3865 

id: 214
content: New Age
count: 2
the related sentence:2467 2513 

id: 215
content: Non-Linear Editor
count: 11
the related sentence:19 361 867 1046 1269 1638 1950 2018 3461 3469 3578 

id: 216
content: OLAP
count: 8
the related sentence:5 1490 2392 2772 3136 3245 3422 3811 

id: 217
content: OPAC
count: 2
the related sentence:1181 3910 

id: 218
content: ORM (Object-relational mapping)
count: 9
the related sentence:298 1143 1361 1404 1703 2101 2340 2898 3127 

id: 219
content: OS distribution
count: 12
the related sentence:1137 1780 1880 1894 1964 2324 2414 2953 2975 3139 3406 3804 

id: 220
content: Object Brokering
count: 18
the related sentence:93 552 819 1315 1433 1476 1938 1968 2023 2072 2249 2472 2643 2660 2994 3106 3605 3611 

id: 221
content: Object Oriented
count: 118
the related sentence:140 152 172 175 210 235 236 302 310 320 344 349 353 448 514 522 598 619 639 641 647 674 688 697 724 778 831 835 840 891 926 986 1008 1057 1115 1125 1138 1167 1273 1287 1362 1474 1487 1499 1542 1581 1592 1624 1628 1666 1682 1757 1785 1811 1832 1895 1906 2023 2073 2150 2218 2236 2241 2249 2261 2317 2343 2370 2384 2500 2524 2529 2551 2570 2588 2668 2671 2688 2722 2742 2753 2788 2797 2814 2849 2864 2866 2884 2886 2887 2969 2974 3044 3080 3127 3174 3217 3240 3315 3434 3521 3582 3596 3638 3662 3677 3691 3747 3756 3803 3815 3831 3838 3877 3882 3923 3937 3968 

id: 222
content: Office Suites
count: 37
the related sentence:77 223 270 561 708 834 1064 1113 1279 1414 1422 1479 1633 1674 1769 1784 1796 1826 1893 2080 2137 2412 2507 2709 2718 2781 3090 3246 3364 3600 3735 3752 3754 3766 3897 3927 3962 

id: 223
content: Office/Business
count: 138
the related sentence:56 67 82 94 147 157 190 191 255 296 395 438 446 470 477 485 505 568 591 617 656 686 710 721 743 762 773 850 857 912 957 989 997 1024 1041 1124 1181 1245 1275 1285 1296 1320 1332 1355 1360 1378 1397 1408 1411 1415 1419 1446 1459 1493 1614 1641 1659 1667 1711 1730 1740 1766 1787 1816 1824 1843 1869 1913 1935 1993 1995 2054 2062 2074 2129 2177 2198 2220 2221 2239 2247 2252 2265 2287 2289 2434 2465 2510 2520 2541 2548 2577 2593 2601 2625 2649 2695 2824 2838 2846 2863 2869 2923 3001 3047 3090 3092 3143 3224 3231 3279 3282 3291 3416 3423 3560 3566 3568 3604 3606 3626 3662 3677 3695 3706 3723 3730 3732 3782 3783 3791 3816 3817 3841 3848 3888 3939 3957 

id: 224
content: Operating System Kernels
count: 33
the related sentence:133 306 391 606 726 844 902 977 1277 1368 1437 1455 1635 1780 1848 1880 2129 2414 2482 2563 2911 2932 2936 2964 3061 3064 3292 3353 3473 3509 3545 3663 3759 

id: 225
content: Other file transfer protocol
count: 7
the related sentence:372 740 924 1159 1392 2338 3096 

id: 226
content: Other/Nonlisted Topic
count: 130
the related sentence:56 74 131 144 160 200 242 255 268 280 315 436 438 451 472 505 539 603 653 709 712 773 796 821 828 840 843 877 920 941 959 987 993 1017 1037 1063 1119 1126 1134 1163 1188 1248 1257 1285 1298 1337 1381 1397 1446 1536 1556 1558 1676 1793 1805 1882 1889 1892 1895 1912 1920 1935 1952 1969 1999 2024 2077 2096 2111 2182 2193 2207 2211 2239 2254 2290 2370 2398 2419 2443 2449 2450 2467 2537 2577 2604 2637 2657 2711 2735 2741 2749 2776 2816 2830 2874 2889 2971 3017 3042 3084 3087 3120 3121 3131 3166 3216 3230 3239 3317 3383 3395 3493 3568 3600 3606 3651 3658 3752 3754 3761 3792 3835 3870 3873 3937 3965 3967 3974 4000 

id: 227
content: POP3
count: 13
the related sentence:38 808 1430 2192 2277 2291 2359 2430 2594 2787 3595 3604 3697 

id: 228
content: Packaging
count: 26
the related sentence:29 138 160 324 444 889 1010 1232 1398 1448 1451 1548 1601 1828 2122 2177 2336 2348 2731 2970 3070 3247 3282 3296 3750 3785 

id: 229
content: Page Counters
count: 7
the related sentence:652 669 1849 2366 2602 2734 2945 

id: 230
content: Password manager
count: 8
the related sentence:784 868 1753 2293 2477 2752 2910 3826 

id: 231
content: Performance Testing
count: 10
the related sentence:121 221 1145 1277 1376 2087 2225 2369 2640 2894 

id: 232
content: Personal finance
count: 10
the related sentence:57 211 451 1680 1863 2417 2575 2960 3153 3206 

id: 233
content: Physics
count: 72
the related sentence:28 39 72 100 207 261 499 567 602 693 718 735 768 923 942 991 1004 1027 1059 1076 1117 1291 1443 1468 1506 1538 1610 1612 1662 1664 1688 1725 1803 1841 1885 1963 2037 2078 2184 2242 2269 2321 2418 2491 2562 2569 2605 2847 2880 3029 3073 3103 3160 3186 3219 3359 3368 3370 3505 3515 3520 3627 3642 3655 3680 3698 3703 3792 3946 3952 3994 4000 

id: 234
content: Players
count: 51
the related sentence:31 85 230 387 578 580 665 1009 1047 1127 1132 1187 1209 1228 1259 1340 1385 1453 1458 1507 1509 1530 1545 1582 1607 1742 1980 1988 2065 2367 2523 2561 2732 2764 2861 2896 2908 2939 2957 2965 2974 3086 3133 3140 3358 3386 3428 3744 3788 3958 3995 

id: 235
content: Plugins and add-ons
count: 8
the related sentence:99 193 1136 1535 2554 2639 3240 3761 

id: 236
content: Point-Of-Sale
count: 30
the related sentence:179 346 390 441 537 572 764 846 928 971 1070 1100 1302 1370 1403 1477 1510 1944 2009 2077 2748 2879 3030 3439 3542 3672 3715 3760 3869 3911 

id: 237
content: Politics
count: 3
the related sentence:449 2540 3322 

id: 238
content: Post-Office
count: 6
the related sentence:127 2061 2222 2490 2726 3503 

id: 239
content: Power (UPS)
count: 6
the related sentence:601 1526 1898 3119 3274 3977 

id: 240
content: Presentation
count: 74
the related sentence:44 91 165 250 424 474 512 565 662 694 761 950 960 1035 1135 1216 1305 1373 1463 1509 1523 1694 1700 1711 1714 1837 1913 1959 1994 2107 2121 2165 2280 2312 2313 2318 2405 2493 2526 2624 2632 2696 2720 2736 2774 2829 2893 2918 2945 2989 3016 3068 3125 3172 3198 3203 3288 3336 3415 3447 3524 3534 3575 3628 3664 3685 3686 3714 3840 3888 3905 3914 3942 3966 

id: 241
content: Printing
count: 42
the related sentence:18 61 337 591 676 800 822 1221 1479 1502 1565 1674 1739 1784 1816 1843 1920 1995 2009 2031 2053 2194 2427 2510 2716 2773 2780 2816 2851 2915 3001 3083 3174 3202 3245 3444 3468 3675 3695 3760 3940 3949 

id: 242
content: Product lifecycle management (PLM)
count: 6
the related sentence:83 486 1432 1977 2492 3728 

id: 243
content: Profiling
count: 20
the related sentence:136 249 277 314 363 570 705 927 954 1284 1288 2087 2267 2783 3400 3603 3659 3794 3855 3860 

id: 244
content: Project Management
count: 53
the related sentence:35 83 95 213 332 607 627 642 849 885 1065 1146 1215 1243 1290 1335 1514 1571 1752 1974 2091 2119 2188 2234 2292 2421 2422 2489 2514 2553 2654 2687 2706 2807 3046 3067 3079 3083 3090 3098 3237 3362 3498 3725 3728 3729 3769 3781 3793 3824 3827 3890 3891 

id: 245
content: Psychology
count: 5
the related sentence:1810 1822 1951 3717 3977 

id: 246
content: Puzzle Games
count: 36
the related sentence:71 412 757 1110 1390 1400 1417 1508 1562 1591 1672 1738 1908 1923 1926 2030 2246 2290 2295 2393 2403 2461 2573 2707 2712 2729 3037 3099 3124 3438 3519 3587 3646 3797 3893 3953 

id: 247
content: Quality Assurance
count: 62
the related sentence:161 226 242 339 349 383 400 416 482 516 570 581 705 729 730 803 836 927 1057 1095 1195 1271 1288 1401 1566 1724 1735 1740 1792 1801 1832 1872 1897 2024 2068 2128 2149 2173 2234 2288 2421 2432 2519 2521 2524 2622 2640 2671 2740 2833 2841 2926 3008 3098 3328 3345 3544 3548 3555 3722 3855 3891 

id: 248
content: Quantum Computing
count: 3
the related sentence:2269 2686 2794 

id: 249
content: RCS
count: 2
the related sentence:2484 3007 

id: 250
content: RSS
count: 17
the related sentence:94 265 976 1193 1289 1452 1567 1689 2022 2464 2474 2770 3268 3673 3757 3782 3802 

id: 251
content: RSS Feed Readers
count: 9
the related sentence:976 1617 1867 1904 2320 2553 2661 2684 2984 

id: 252
content: Raster-Based
count: 13
the related sentence:4 181 1497 1500 1603 1637 1874 1929 2245 2675 2817 3840 3866 

id: 253
content: Real Time Strategy
count: 60
the related sentence:46 111 148 159 198 217 362 368 412 458 463 540 634 687 774 931 1040 1078 1238 1322 1489 1521 1570 1642 1699 1715 1737 1755 1775 1844 2007 2029 2030 2125 2176 2187 2210 2223 2379 2572 2589 2610 2796 3004 3037 3223 3316 3385 3417 3543 3572 3629 3683 3689 3696 3724 3771 3788 3840 3878 

id: 254
content: Real Time Tactical
count: 10
the related sentence:155 1078 1204 1253 1745 2083 2176 2342 2589 3572 

id: 255
content: Realtime Processing
count: 25
the related sentence:58 139 532 832 1015 1021 1084 1269 1441 1462 2018 2094 2168 2543 2656 2760 3021 3347 3634 3644 3739 3763 3904 3943 3964 

id: 256
content: Religion and Philosophy
count: 17
the related sentence:22 281 600 604 1130 1135 1704 1712 1912 1949 2131 2248 2313 2368 2883 3617 3618 

id: 257
content: Report Generators
count: 10
the related sentence:670 784 1502 1586 2311 2450 2694 2906 3005 3074 

id: 258
content: Research
count: 25
the related sentence:258 298 569 577 604 735 790 919 1071 1077 1461 1511 1728 1806 2083 2347 2469 2500 2558 2755 3185 3370 3437 3505 3667 

id: 259
content: Resource Booking
count: 15
the related sentence:637 809 1070 1359 1387 2292 2422 2672 3045 3069 3478 3725 3793 3869 3935 

id: 260
content: Robotics
count: 34
the related sentence:476 648 785 832 995 1162 1227 1295 1324 1438 1462 1480 1516 1547 1838 1954 2147 2155 2547 2558 2612 2642 2710 2733 2760 2937 3058 3210 3368 3491 3594 3741 3762 3832 

id: 261
content: Role-Playing
count: 103
the related sentence:88 137 148 156 159 243 275 289 413 439 449 463 471 540 576 609 631 634 687 739 848 911 931 1005 1110 1140 1235 1238 1304 1322 1331 1390 1505 1508 1564 1646 1731 1765 1836 1844 1862 1941 1962 1992 2007 2030 2055 2104 2187 2379 2387 2403 2438 2453 2531 2549 2552 2561 2707 2729 2744 2784 2796 2857 2876 2888 2996 3085 3118 3182 3223 3238 3264 3276 3286 3317 3372 3391 3417 3427 3430 3438 3445 3451 3476 3543 3572 3682 3683 3687 3699 3773 3780 3797 3812 3814 3867 3876 3951 3952 3965 3973 3981 

id: 262
content: Routing
count: 8
the related sentence:1456 1525 1964 2099 2323 2328 2633 2658 

id: 263
content: SCADA
count: 5
the related sentence:970 1292 1658 3309 3488 

id: 264
content: SCCS
count: 1
the related sentence:3007 

id: 265
content: SOAP
count: 21
the related sentence:168 304 745 888 908 1263 1921 2159 2235 2300 2556 2619 2670 2697 3101 3462 3481 3485 3502 3613 3988 

id: 266
content: SSH (Secure SHell)
count: 7
the related sentence:6 740 1032 2251 2307 2554 3390 

id: 267
content: Sales
count: 8
the related sentence:48 748 1302 1359 1366 2687 3022 3259 

id: 268
content: Scanners
count: 4
the related sentence:128 1874 2649 3232 

id: 269
content: Scheduling
count: 57
the related sentence:2 17 35 80 290 315 321 380 536 550 587 627 650 707 731 734 738 809 826 885 909 979 992 1064 1100 1267 1514 1543 1544 1752 1765 1783 1812 2131 2240 2285 2429 2501 2514 2559 2701 2976 3046 3069 3079 3081 3093 3165 3454 3478 3639 3678 3705 3720 3827 3897 3987 

id: 270
content: Scientific/Engineering
count: 93
the related sentence:3 178 187 192 225 226 266 491 511 582 583 601 617 621 649 771 780 814 833 878 972 1025 1055 1069 1086 1157 1179 1181 1220 1226 1245 1408 1411 1524 1536 1556 1577 1600 1613 1618 1671 1788 1810 1838 1866 1916 1919 1928 1963 1974 2009 2012 2043 2123 2132 2135 2146 2255 2260 2309 2322 2380 2385 2395 2413 2420 2445 2449 2498 2541 2608 2642 2736 2756 2811 2813 2845 2889 2937 2968 3014 3015 3087 3105 3185 3258 3384 3393 3455 3692 3711 3783 3880 

id: 271
content: Screen Capture
count: 9
the related sentence:728 864 1046 1495 2189 2405 2885 3335 3494 

id: 272
content: Screen Savers
count: 4
the related sentence:222 1385 3192 3733 

id: 273
content: Search
count: 15
the related sentence:49 82 288 538 898 1007 1236 1469 1904 2211 2419 2509 2778 3394 3660 

id: 274
content: Security
count: 192
the related sentence:34 37 86 92 104 120 144 169 185 214 228 229 281 296 300 334 385 392 408 496 502 518 523 533 584 589 590 596 618 622 630 636 640 643 644 647 686 736 752 767 794 806 834 837 839 851 857 860 890 918 924 948 954 956 962 1032 1042 1067 1111 1132 1142 1160 1211 1224 1229 1249 1262 1294 1295 1299 1300 1343 1367 1383 1392 1396 1407 1471 1473 1524 1563 1611 1640 1655 1669 1670 1696 1706 1747 1753 1773 1819 1821 1846 1864 1902 1953 1960 1969 1989 1991 2006 2067 2093 2100 2103 2143 2154 2156 2215 2228 2302 2310 2339 2394 2399 2428 2456 2462 2530 2567 2571 2574 2582 2619 2620 2658 2673 2693 2698 2750 2752 2778 2792 2804 2835 2842 2877 2890 2912 2948 2979 2985 3000 3006 3060 3077 3107 3143 3148 3173 3239 3255 3289 3312 3325 3343 3347 3356 3371 3409 3412 3421 3441 3449 3463 3477 3480 3485 3506 3508 3540 3560 3610 3622 3626 3632 3709 3713 3720 3726 3737 3739 3749 3837 3864 3865 3900 3945 3954 3958 3969 

id: 275
content: Semantic Web (RDF, OWL, etc.)
count: 14
the related sentence:253 371 462 1045 1274 1329 1723 2761 2821 3178 3318 3363 3418 3702 

id: 276
content: Serial
count: 14
the related sentence:3 218 221 318 1480 1587 2064 2391 2496 2716 3048 3164 3350 3925 

id: 277
content: Service Automation
count: 8
the related sentence:49 507 678 2066 2694 2915 3661 3986 

id: 278
content: Service Support
count: 6
the related sentence:48 645 1713 2199 3098 3811 

id: 279
content: Side-Scrolling/Arcade Games
count: 28
the related sentence:111 156 292 526 540 848 876 1322 1445 1500 1508 1642 1646 1715 1965 2039 2125 2295 2373 2544 2707 2817 3124 3160 3252 3689 3846 3953 

id: 280
content: Simulation
count: 103
the related sentence:15 46 87 148 156 198 217 232 237 303 362 449 465 471 476 488 494 513 548 617 631 663 717 718 739 799 931 955 1001 1053 1162 1233 1238 1253 1258 1304 1318 1363 1489 1538 1562 1642 1645 1654 1664 1679 1685 1686 1715 1720 1745 1756 1762 1775 1862 2029 2125 2126 2162 2163 2187 2197 2210 2223 2255 2269 2438 2441 2453 2544 2552 2572 2615 2744 2794 2853 2944 2996 3160 3180 3197 3218 3264 3274 3286 3316 3392 3405 3419 3445 3459 3476 3618 3623 3629 3696 3762 3771 3797 3814 3840 3876 3952 

id: 281
content: Simulations
count: 127
the related sentence:39 83 100 125 207 220 254 261 294 295 396 402 450 456 461 478 488 499 585 606 628 648 663 693 735 739 776 805 881 923 963 991 1001 1025 1027 1059 1069 1071 1090 1117 1148 1157 1233 1272 1293 1301 1306 1310 1317 1394 1431 1439 1442 1443 1467 1506 1529 1553 1562 1590 1610 1664 1684 1685 1688 1695 1718 1840 1881 1954 1976 1982 2056 2069 2070 2112 2126 2155 2186 2242 2418 2452 2557 2569 2651 2676 2703 2708 2733 2892 2900 2930 2934 3010 3058 3177 3187 3204 3219 3320 3331 3334 3360 3368 3431 3436 3446 3464 3488 3514 3515 3594 3623 3696 3700 3746 3748 3756 3913 3916 3926 3930 3933 3937 3938 3956 4000 

id: 282
content: Site Management
count: 240
the related sentence:23 63 69 84 97 102 116 183 184 194 216 244 251 260 263 274 278 340 346 354 355 368 407 410 417 434 467 497 503 533 549 565 579 607 657 658 669 689 692 695 733 736 766 812 841 846 854 861 882 883 899 910 913 915 946 951 966 980 1017 1019 1034 1066 1082 1092 1094 1135 1161 1182 1189 1203 1246 1266 1275 1330 1373 1374 1389 1402 1450 1459 1481 1515 1519 1527 1534 1573 1578 1618 1625 1634 1712 1726 1734 1781 1787 1797 1800 1824 1833 1849 1925 1958 1979 1998 2017 2031 2045 2046 2091 2110 2114 2130 2138 2148 2171 2177 2181 2212 2216 2219 2231 2237 2247 2251 2257 2263 2297 2366 2368 2409 2412 2436 2466 2474 2505 2517 2525 2534 2550 2600 2602 2623 2635 2636 2650 2674 2690 2693 2713 2715 2724 2737 2738 2739 2781 2783 2803 2836 2862 2882 2897 2901 2921 2950 2956 2961 2969 2983 2986 3000 3018 3042 3108 3110 3117 3125 3129 3138 3149 3158 3159 3191 3193 3208 3209 3222 3227 3229 3239 3251 3265 3268 3269 3314 3351 3365 3448 3470 3474 3479 3480 3492 3527 3531 3534 3537 3586 3590 3599 3610 3615 3626 3630 3643 3668 3679 3681 3718 3726 3727 3782 3787 3806 3815 3820 3825 3831 3833 3843 3844 3881 3898 3901 3903 3906 3921 3923 3969 3979 3999 

id: 283
content: Social Bookmarking
count: 2
the related sentence:2286 3567 

id: 284
content: Social Networking
count: 27
the related sentence:406 452 548 737 921 1040 1202 1347 1465 1574 1611 1652 1660 1970 1977 2286 2415 2540 2959 3017 3035 3052 3162 3404 3536 3621 3735 

id: 285
content: Social sciences
count: 31
the related sentence:23 281 359 423 587 826 1017 1072 1086 1148 1381 1493 1634 1728 1882 2011 2240 2398 2508 2778 2848 3053 3105 3185 3322 3429 3523 3606 3707 3730 3957 

id: 286
content: Software Development
count: 267
the related sentence:2 85 87 94 102 115 128 138 145 147 150 151 187 225 249 316 343 384 388 391 397 404 455 483 500 502 511 529 543 546 554 560 567 572 575 577 579 582 587 599 608 614 615 621 627 633 643 651 652 658 680 741 751 759 771 772 787 789 814 845 847 849 858 878 890 894 909 910 916 922 929 933 936 968 973 1007 1016 1043 1056 1067 1075 1079 1080 1081 1098 1124 1130 1160 1178 1180 1190 1206 1213 1223 1244 1247 1267 1285 1296 1316 1330 1353 1386 1399 1406 1421 1437 1447 1454 1457 1480 1536 1561 1583 1615 1661 1673 1698 1710 1716 1718 1719 1726 1729 1749 1754 1767 1773 1802 1814 1833 1835 1839 1845 1854 1896 1919 1962 1974 1993 2046 2076 2084 2092 2097 2098 2102 2116 2117 2129 2151 2157 2161 2179 2202 2205 2206 2226 2229 2247 2254 2278 2283 2331 2342 2351 2367 2376 2395 2409 2471 2475 2486 2491 2498 2503 2506 2539 2587 2599 2641 2645 2650 2653 2654 2682 2695 2701 2703 2727 2762 2765 2774 2786 2807 2809 2813 2815 2821 2838 2888 2936 2949 2968 2972 2976 2983 3015 3038 3063 3065 3066 3108 3115 3129 3142 3190 3207 3211 3216 3226 3237 3242 3250 3257 3263 3344 3382 3408 3471 3489 3490 3493 3502 3564 3620 3621 3628 3637 3653 3657 3660 3675 3684 3722 3723 3748 3783 3807 3817 3828 3864 3870 3899 3903 3909 3915 3924 3927 3928 3940 3962 3967 3978 3982 3983 3997 

id: 287
content: Software Distribution
count: 58
the related sentence:153 212 286 297 305 325 444 517 551 633 653 684 702 916 1075 1097 1109 1260 1434 1464 1601 1665 1702 1719 1751 1754 1761 1801 1965 2003 2061 2122 2333 2336 2460 2530 2531 2613 2635 2701 2870 2953 2962 2970 2992 3147 3161 3181 3273 3295 3338 3346 3570 3576 3584 3785 3979 3995 

id: 288
content: Sound Synthesis
count: 27
the related sentence:99 306 313 744 830 865 1009 1047 1107 1194 1427 2337 2480 2782 2854 2896 2919 3091 3102 3152 3319 3407 3641 3744 3800 3805 3998 

id: 289
content: Sound/Audio
count: 83
the related sentence:31 55 90 96 123 205 230 252 319 351 356 387 413 576 704 711 747 769 775 896 925 937 1063 1129 1167 1225 1264 1314 1344 1358 1453 1482 1559 1572 1588 1607 1615 1679 1741 1748 1789 1810 1887 1928 2000 2002 2025 2060 2131 2169 2226 2360 2400 2475 2732 2743 2830 2840 2952 2955 3063 3081 3113 3166 3214 3243 3254 3295 3299 3355 3396 3550 3635 3645 3704 3734 3765 3822 3852 3863 3889 3908 3918 

id: 290
content: Source code analysis
count: 23
the related sentence:161 171 235 383 400 416 614 1089 1195 1297 1474 1724 1858 1911 2097 2355 2457 2521 2555 2582 2894 2940 3133 

id: 291
content: Source code browsing
count: 7
the related sentence:1297 2457 3003 3215 3443 3529 3569 

id: 292
content: Source code review
count: 7
the related sentence:1724 2041 2097 2582 2587 3215 3349 

id: 293
content: Special Effects
count: 8
the related sentence:19 706 867 1966 2018 2094 2834 3169 

id: 294
content: Speech
count: 19
the related sentence:14 99 167 341 582 1121 1681 1778 1827 2043 2871 3050 3102 3152 3226 3294 3342 3495 3601 

id: 295
content: Sports
count: 11
the related sentence:663 876 942 1521 1685 1786 2190 2578 3121 3261 3405 

id: 296
content: Spreadsheet
count: 17
the related sentence:321 561 563 673 708 1088 1384 2137 2200 2240 2499 2507 2644 2851 3033 3934 3962 

id: 297
content: Statistics
count: 16
the related sentence:402 477 1025 1029 1293 1421 2137 2144 2557 2627 2686 2867 3021 3334 3565 3667 

id: 298
content: Still Capture
count: 6
the related sentence:706 1345 2404 2459 2760 3964 

id: 299
content: Storage
count: 21
the related sentence:7 82 106 307 352 377 595 671 672 996 1141 1200 1326 1705 1870 2279 2576 2759 2907 2913 3484 

id: 300
content: Streaming
count: 67
the related sentence:12 115 123 188 242 318 324 351 578 586 667 671 704 711 754 765 775 949 959 1015 1036 1084 1098 1106 1128 1401 1409 1449 1482 1533 1589 1639 1778 1782 1789 1814 1945 2025 2109 2425 2474 2543 2595 2617 2626 2704 2743 2794 2810 2871 2908 3012 3034 3044 3310 3386 3396 3428 3460 3608 3634 3734 3800 3857 3862 3958 3975 

id: 301
content: Subversion
count: 5
the related sentence:161 1911 1997 2841 3434 

id: 302
content: Symmetric Multi-processing
count: 21
the related sentence:166 202 495 521 608 817 834 977 1120 1267 1919 2161 2325 2451 2628 2757 2777 3075 3267 3330 3487 

id: 303
content: Synchronization
count: 17
the related sentence:283 899 955 1251 1532 1554 1701 1988 2048 2439 2697 2700 3062 3231 3466 3791 3939 

id: 304
content: System
count: 40
the related sentence:106 187 255 404 485 539 781 814 868 898 933 1003 1163 1536 1555 1697 1710 1805 1880 1978 2044 2067 2134 2198 2230 2233 2282 2324 2371 2445 2498 2536 2542 2813 2901 3056 3104 3192 3361 3509 

id: 305
content: System Shells
count: 41
the related sentence:153 197 384 431 524 564 606 664 753 904 905 906 956 1073 1144 1222 1374 1435 1552 1707 1981 2273 2395 2511 2611 2790 2846 2874 2928 3000 3126 3230 3545 3633 3759 3767 3799 3818 3858 3924 3954 

id: 306
content: Systems Administration
count: 225
the related sentence:6 7 9 16 27 32 42 69 70 80 82 107 122 147 157 158 162 163 173 219 228 263 277 279 288 300 305 334 358 363 377 419 425 431 433 468 490 491 518 524 531 533 538 547 556 597 601 611 622 633 664 707 713 716 783 794 798 828 845 860 890 899 904 906 939 960 980 985 989 1048 1051 1052 1067 1068 1073 1097 1109 1114 1151 1166 1168 1229 1260 1281 1336 1351 1396 1398 1446 1450 1471 1486 1495 1522 1526 1540 1549 1552 1568 1585 1605 1658 1661 1663 1669 1670 1676 1702 1751 1758 1785 1823 1824 1855 1864 1866 1870 1875 1894 1899 1939 1996 2003 2032 2042 2051 2081 2120 2156 2177 2181 2191 2209 2215 2216 2225 2251 2264 2272 2274 2278 2346 2348 2388 2397 2431 2434 2437 2460 2470 2495 2518 2522 2528 2530 2598 2662 2692 2693 2726 2766 2789 2792 2812 2835 2840 2844 2858 2885 2928 2942 2975 2979 3002 3036 3039 3060 3065 3088 3109 3139 3147 3173 3190 3196 3205 3213 3236 3247 3262 3279 3291 3301 3343 3357 3367 3409 3479 3492 3503 3529 3560 3570 3612 3640 3648 3705 3713 3721 3726 3740 3750 3767 3774 3777 3783 3789 3801 3821 3887 3892 3900 3907 3931 3945 

id: 307
content: TeX/LaTeX
count: 9
the related sentence:196 379 430 1034 1565 1618 2053 3642 3666 

id: 308
content: Telephony
count: 52
the related sentence:27 76 103 270 281 328 411 468 580 691 801 833 859 944 947 997 1098 1099 1121 1343 1415 1533 2032 2064 2123 2316 2319 2351 2416 2494 2574 2625 2637 2749 2846 2871 3025 3092 3104 3146 3272 3279 3342 3422 3483 3526 3532 3549 3712 3742 3755 3809 

id: 309
content: Telnet
count: 9
the related sentence:40 1362 1981 2227 2307 2527 2785 3118 3337 

id: 310
content: Templates
count: 19
the related sentence:84 102 195 403 1116 1122 1255 1487 2140 2175 2268 2647 2679 2765 3369 3569 3598 3675 3895 

id: 311
content: Terminal Emulators/X Terminals
count: 8
the related sentence:716 1855 1907 1991 2314 2611 2785 3350 

id: 312
content: Terminals
count: 22
the related sentence:1 10 164 197 364 384 1114 1144 1435 1450 1455 1495 2067 2160 2204 2658 2891 3000 3196 3507 3663 3721 

id: 313
content: Test and Measurement
count: 35
the related sentence:240 460 473 535 628 671 955 1027 1089 1145 1240 1268 1291 1468 1534 1647 1838 2019 2124 2132 2145 2169 2238 2276 2597 3029 3073 3176 3307 3436 3488 3616 3830 3916 3933 

id: 314
content: Testing
count: 123
the related sentence:24 78 136 152 168 172 174 190 224 271 300 320 338 349 383 408 409 465 501 538 564 581 650 653 729 779 836 954 954 959 966 969 1002 1030 1030 1057 1060 1089 1095 1186 1284 1303 1323 1335 1472 1551 1557 1597 1647 1668 1673 1686 1695 1721 1735 1740 1832 1847 1868 1897 1967 2027 2068 2075 2075 2079 2088 2106 2149 2173 2188 2189 2241 2288 2298 2301 2302 2334 2410 2458 2484 2519 2555 2622 2627 2640 2661 2670 2671 2740 2746 2797 2819 2833 2892 2900 2917 2992 3008 3328 3345 3352 3369 3400 3419 3441 3486 3501 3548 3555 3573 3582 3603 3649 3697 3697 3722 3792 3808 3855 3860 3922 3929 

id: 315
content: Text Editors
count: 39
the related sentence:14 24 166 196 332 359 483 487 558 984 1012 1024 1026 1113 1119 1173 1211 1250 1419 1648 1935 1962 1979 1998 2074 2212 2380 2503 2518 2541 2763 2980 3376 3529 3640 3665 3817 3828 3902 

id: 316
content: Text Processing
count: 71
the related sentence:54 77 97 108 150 257 297 344 379 422 558 594 656 674 682 773 779 793 800 871 978 1026 1034 1068 1087 1286 1349 1371 1411 1498 1513 1530 1767 1920 1999 2036 2053 2138 2139 2151 2230 2244 2370 2412 2463 2483 2507 2591 2696 2725 2735 2736 2745 2851 2983 3075 3202 3230 3327 3364 3375 3435 3482 3649 3666 3716 3754 3828 3871 3877 3944 

id: 317
content: Themes
count: 6
the related sentence:1112 1759 2947 3426 3426 3628 

id: 318
content: Ticketing Systems
count: 5
the related sentence:287 637 3045 3442 3931 

id: 319
content: Time Tracking
count: 40
the related sentence:17 146 213 239 380 650 849 885 1031 1171 1243 1290 1298 1310 1387 1544 1550 1647 1650 1783 1812 2091 2207 2429 2489 2514 2807 2903 2963 3046 3067 3237 3422 3498 3639 3781 3793 3824 3890 3935 

id: 320
content: To-Do Lists
count: 39
the related sentence:57 74 146 154 332 380 445 642 650 862 909 1031 1146 1171 1290 1310 1380 1550 1812 2188 2207 2422 2429 2654 2706 2718 2735 2763 2961 3132 3234 3442 3639 3654 3729 3781 3793 3827 3897 

id: 321
content: Turn Based Strategy
count: 50
the related sentence:46 198 275 303 458 465 466 609 749 757 782 1014 1086 1108 1235 1460 1598 1737 1836 1862 1879 2187 2223 2226 2256 2304 2379 2403 2438 2531 2552 2589 2618 2631 2958 3004 3085 3099 3108 3114 3182 3218 3372 3385 3391 3543 3771 3875 3951 3965 

id: 322
content: UML
count: 8
the related sentence:381 487 2180 2383 2444 2808 3623 3989 

id: 323
content: Unattended
count: 3
the related sentence:1894 3301 3517 

id: 324
content: Unix Talk
count: 3
the related sentence:2115 2527 3054 

id: 325
content: Usability
count: 29
the related sentence:11 122 135 171 489 501 778 872 1472 1517 1566 1682 1728 2209 2230 2468 2508 2661 2738 2808 3094 3266 3277 3348 3402 3768 3866 3872 3959 

id: 326
content: Usenet News
count: 7
the related sentence:958 1050 2114 2320 2997 3525 3906 

id: 327
content: User Interfaces
count: 122
the related sentence:11 45 105 134 154 195 250 299 330 331 338 340 347 353 381 395 403 453 489 494 498 506 516 530 620 644 647 653 661 664 699 750 824 884 886 891 950 967 1002 1102 1139 1208 1218 1222 1287 1376 1424 1518 1566 1581 1602 1627 1682 1691 1693 1735 1759 1807 1815 1831 1834 1895 1917 1943 1948 1998 2021 2073 2085 2088 2105 2112 2175 2217 2241 2275 2390 2400 2481 2485 2486 2508 2545 2596 2632 2643 2647 2722 2765 2802 2827 2845 2990 3003 3025 3044 3080 3094 3144 3227 3266 3283 3318 3340 3380 3402 3403 3501 3537 3541 3579 3609 3677 3691 3808 3815 3922 3929 3930 3959 3960 3991 

id: 328
content: Vector-Based
count: 13
the related sentence:20 329 646 1183 2479 2590 2675 3043 3287 3359 3366 3510 3866 

id: 329
content: Version Control
count: 24
the related sentence:227 432 444 459 594 879 1335 1412 1997 2050 2122 2296 2380 2485 2560 2809 2940 2992 3132 3165 3345 3349 3581 3915 

id: 330
content: Vi/Vim
count: 1
the related sentence:1055 

id: 331
content: Video
count: 65
the related sentence:66 149 167 252 265 319 357 452 580 660 665 675 775 1021 1063 1128 1129 1133 1149 1187 1259 1340 1385 1482 1572 1639 1690 1741 1750 1851 1966 2008 2025 2026 2065 2094 2169 2233 2309 2411 2517 2728 2861 2952 2955 2981 3034 3063 3086 3254 3299 3398 3415 3550 3635 3733 3738 3763 3822 3847 3863 3868 3908 3917 3976 

id: 332
content: Video Capture
count: 33
the related sentence:139 149 361 469 586 706 737 804 949 972 995 1015 1021 1046 1106 1185 1345 1526 1950 2039 2238 2316 2404 2584 2626 2704 3293 3335 3504 3739 3964 3975 3990 

id: 333
content: Video Conferencing
count: 2
the related sentence:1096 2455 

id: 334
content: Viewers
count: 100
the related sentence:20 44 52 73 91 132 246 280 284 399 494 565 616 635 681 683 723 761 799 900 961 1132 1155 1198 1241 1254 1257 1276 1308 1339 1373 1378 1391 1428 1497 1539 1546 1657 1700 1708 1738 1749 1750 1768 1770 1798 1800 1843 1874 1905 1957 1959 2001 2015 2107 2183 2245 2270 2280 2312 2318 2406 2435 2493 2509 2526 2565 2621 2629 2720 2829 2872 2893 2918 2933 2967 2989 3016 3041 3043 3068 3140 3172 3180 3244 3289 3339 3389 3447 3494 3575 3656 3664 3686 3810 3813 3905 3919 3942 3966 

id: 335
content: Virtual Machines
count: 20
the related sentence:302 522 531 599 606 1112 2208 2298 2323 2472 2617 2688 2793 2900 3300 3306 3419 3463 3907 3963 

id: 336
content: Visualization
count: 163
the related sentence:47 66 73 165 180 220 240 247 250 254 294 308 320 329 333 343 437 460 461 473 520 554 563 585 619 635 649 677 723 741 799 820 822 838 852 858 897 945 953 960 961 991 1004 1045 1117 1165 1176 1191 1192 1216 1237 1276 1291 1303 1305 1334 1341 1418 1428 1431 1442 1447 1461 1504 1512 1517 1528 1529 1553 1560 1612 1657 1678 1721 1733 1768 1841 1881 1886 1934 2019 2069 2106 2107 2124 2143 2155 2178 2184 2186 2201 2242 2270 2312 2321 2322 2358 2363 2377 2390 2432 2435 2442 2478 2479 2493 2515 2562 2605 2624 2632 2643 2652 2673 2678 2733 2760 2867 2920 2930 2933 2949 2967 2971 3049 3073 3123 3176 3186 3187 3203 3249 3270 3296 3304 3324 3326 3366 3377 3397 3398 3465 3500 3515 3516 3520 3533 3538 3559 3561 3616 3625 3655 3668 3708 3733 3756 3796 3888 3920 3926 3930 3938 

id: 337
content: VoIP
count: 10
the related sentence:874 1096 1327 1358 1409 1778 3032 3062 3101 3608 

id: 338
content: Voting
count: 3
the related sentence:2540 3404 3602 

id: 339
content: WAP
count: 15
the related sentence:492 588 1099 1185 1969 2034 2231 2776 3018 3083 3556 3558 3588 3679 3727 

id: 340
content: WWW/HTTP
count: 148
the related sentence:8 18 52 72 94 96 112 113 158 186 211 214 284 312 326 327 336 426 439 444 489 502 512 523 555 556 566 590 618 632 651 668 704 723 725 734 738 743 798 862 893 896 922 931 936 940 944 973 987 1002 1045 1101 1136 1153 1168 1193 1274 1294 1352 1483 1507 1518 1532 1540 1575 1595 1636 1669 1699 1716 1730 1739 1754 1814 1829 1830 1835 1843 1846 1851 1854 1877 1902 1924 1929 1938 1940 1960 2002 2019 2054 2077 2121 2149 2151 2172 2199 2214 2235 2259 2264 2272 2301 2367 2380 2490 2528 2532 2542 2549 2565 2616 2641 2705 2727 2756 2778 2798 2824 2869 2895 2943 3036 3044 3068 3076 3116 3144 3166 3168 3205 3242 3248 3321 3344 3382 3490 3562 3599 3642 3658 3734 3749 3751 3769 3770 3963 3988 

id: 341
content: Web Conferencing
count: 4
the related sentence:629 1537 1930 2455 

id: 342
content: Web Services
count: 31
the related sentence:234 269 304 480 519 542 573 807 1128 1263 1426 1532 1580 1921 2159 2180 2670 2697 2734 2804 2818 2904 3074 3200 3243 3290 3480 3481 3577 3819 3836 

id: 343
content: Wiki
count: 10
the related sentence:189 1527 1760 1859 1955 2329 3398 3536 3732 3766 

id: 344
content: Window Managers
count: 11
the related sentence:262 316 398 464 500 659 790 2537 2947 3039 3340 

id: 345
content: Wireless
count: 19
the related sentence:129 268 366 492 566 844 1328 1439 1853 2032 2069 2099 2116 2159 2362 2759 3130 3540 3784 

id: 346
content: Word Processors
count: 30
the related sentence:77 223 297 773 1026 1513 1736 1769 1770 1986 1999 2036 2080 2463 2507 2576 2591 2644 2696 2883 3075 3246 3364 3375 3649 3653 3663 3754 3872 3944 

id: 347
content: Workflow
count: 20
the related sentence:241 493 545 679 698 853 914 974 1061 1219 1709 1713 1842 1859 2232 2507 3132 3275 3661 3669 

id: 348
content: XML
count: 125
the related sentence:26 96 108 113 168 201 204 269 414 477 504 507 514 559 661 677 698 711 745 777 792 793 827 835 840 871 892 938 976 1020 1044 1048 1092 1095 1115 1125 1169 1176 1193 1221 1241 1289 1292 1329 1384 1464 1466 1469 1470 1531 1617 1698 1703 1764 1784 1788 1804 1831 1861 1943 2116 2118 2126 2153 2170 2217 2235 2253 2261 2300 2311 2443 2446 2454 2473 2474 2487 2503 2595 2619 2661 2684 2734 2806 2819 2845 2877 2883 2915 2935 2974 2987 3112 3132 3163 3171 3202 3246 3285 3290 3323 3327 3341 3376 3378 3380 3410 3428 3432 3433 3485 3499 3578 3597 3607 3652 3666 3671 3690 3751 3802 3838 3859 3982 3989 

id: 349
content: XML-RPC
count: 17
the related sentence:172 573 1454 1575 2013 2300 2439 2446 2556 2619 2697 3112 3243 3485 3673 3834 3911 

